ampl: include init_alpha.run;
Gurobi 9.5.2: timelim=600
Integrality=1
Gurobi 9.5.2: optimal solution; objective 0
16369 simplex iterations
236 branch-and-cut nodes
plus 362 simplex iterations for intbasis
a [*,*]
:         1              2             3         4    5         6         :=
1     0              0             0.993966       0   -1    0.0739897
2    -0.000134085    0.23768       0              0    0   -0.254767
3     9.57387e-05    0.00659109    0.000284074    0    0    0.0339846
4    -0.000158209    0.0639162     0.000365453    0    0    0
5     0             -0.0475944    -3.19389e-05    0    0   -0.00216594
6     0              0            -0.000359813    0    0    0
7     0.00104441     0            -3.80602e-05    0    0   -0.0946394
8     0              0.144789      0.00166349     0    0    0
9     0.000472854    0            -0.000652232    0    0    0.0126557
10   -0.000154954    0.145996      0.000932344    0    0   -0.407782
11   -0.000785518    0.099042      0.00170644    -1    0    0.120015
12   -9.56877e-05    0             0              0    0    0
13   -0.00511216    -0.00911142    0              0    0    0
14    0.00132466    -0.160857      0              0    0    0
15   -0.000778672   -0.0844224     0              0    0    0

:        7        :=
1     0
2     0
3    -0.213463
4     0
5     0
6     0
7     0
8     0
9     0
10    0
11    0
12    0
13    0
14    0
15   -0.786537
;

b [*] :=
1   0.000104452
2   0.177234
3   0.994679
4   1
5  -1
6  -0.238603
7  -0.307261
;

d [*] :=
1  1
2  1
3  1
4  1
5  1
6  1
7  1
;

s [*,*]
:    1   2   3   4   5   6   7    :=
1    1   1   1   1   1   1   1
2    1   1   1   1   1   1   1
3    1   1   1   1   1   1   1
4    1   1   1   1   1   1   1
5    1   1   1   1   1   1   1
6    1   1   1   1   1   1   1
7    1   1   1   1   1   1   1
8    1   1   1   1   1   1   1
9    1   1   1   1   1   1   1
10   1   1   1   1   1   1   1
11   1   1   1   1   1   1   1
12   1   1   1   1   1   1   1
13   1   1   1   1   1   1   1
14   1   1   1   1   1   1   1
15   1   1   1   1   1   1   1
;

c_kt :=
0 8    1
0 9    0
0 10   0
0 11   0
0 12   0
0 13   1
0 14   0
0 15   0
1 8    0
1 9    0
1 10   0
1 11   1
1 12   1
1 13   0
1 14   1
1 15   0
;

L_t [*] :=
 8  0
 9  0
10  0
11  0
12  0
13  0
14  0
15  0
;

accuratezza = 0.746667

fine iterazioneaa = 0

obiettivo = 0

Gurobi 9.5.2: timelim=600
Integrality=1
Gurobi 9.5.2: time limit with a feasible solution; objective 0.0325
3458861 simplex iterations
34248 branch-and-cut nodes
No basis.
No dual variables returned.
a [*,*]
:        1       2       3        4   5   6       7         :=
1    0           0    0           0   0   0   0
2    0           0    0.285749    0   0   0   0.00720716
3    0           0    0           0   0   0   0
4    0           0    0           0   0   0   0
5    0           0    0           0   0   0   0
6    0           0    0           0   0   0   0
7    0.0385604   0    0           0   0   0   0.0108431
8    0.26658     0    0.0355369   0   0   0   0
9    0           0    0.242171    0   0   0   0
10   0           0    0           0   0   0   0
11   0           0    0           0   0   0   0.0227667
12   0           0    0           0   0   0   0
13   0.69486     0   -0.164333    0   0   0   0.959183
14   0           0    0.128374    0   0   0   0
15   0           0    0.143837    0   0   0   0
;

b [*] :=
1  0.0160491
2  0
3  0.257316
4  0
5  0
6  0
7  0.010842
;

d [*] :=
1  1
2  0
3  1
4  0
5  0
6  0
7  1
;

s [*,*]
:    1   2   3   4   5   6   7    :=
1    0   0   0   0   0   0   0
2    0   0   1   0   0   0   1
3    0   0   0   0   0   0   0
4    0   0   0   0   0   0   0
5    0   0   0   0   0   0   0
6    0   0   0   0   0   0   0
7    1   0   0   0   0   0   1
8    1   0   1   0   0   0   0
9    0   0   1   0   0   0   0
10   0   0   0   0   0   0   0
11   0   0   0   0   0   0   1
12   0   0   0   0   0   0   0
13   1   0   1   0   0   0   1
14   0   0   1   0   0   0   0
15   0   0   1   0   0   0   0
;

c_kt :=
0 8    0
0 9    0
0 10   0
0 11   1
0 12   0
0 13   1
0 14   1
0 15   0
1 8    0
1 9    0
1 10   0
1 11   0
1 12   0
1 13   0
1 14   0
1 15   1
;

L_t [*] :=
 8  0
 9  0
10  0
11  0
12  0
13  0
14  0
15  0
;

accuratezza = 0.746667

fine iterazioneaa = 0.0025

obiettivo = 0

Gurobi 9.5.2: timelim=600
Integrality=1
Gurobi 9.5.2: time limit with a feasible solution; objective 0.065
4604274 simplex iterations
35889 branch-and-cut nodes
No basis.
No dual variables returned.
a [*,*]
:        1             2             3             4        5   6   7    :=
1     0           0              0            0             0   0   0
2     0.128409    2.32342e-13    0            2.29367e-13   0   0   0
3     0.0227644   0              0            0             0   0   0
4     0.0179062   0              0            0             0   0   0
5     0           0             -0.00930626   0             0   0   0
6     0           0              0            0             0   0   0
7     0.140556    0              0            0             0   0   0
8     0.133509    0              0            0             0   0   0
9     0           0              0            0             0   0   0
10    0.236385    0              0            0             0   0   0
11    0           0              0            0             0   0   0
12   -0.13308     0              0.0300736    0             0   0   0
13    0           0              0.941453     0             0   0   0
14    0.0698309   0              0            0             0   0   0
15   -0.117559    0              0.0191676    0             0   0   0
;

b [*] :=
1  0.140429
2  0
3  0.0142401
4  0
5  0
6  0
7  0
;

d [*] :=
1  1
2  0
3  1
4  0
5  0
6  0
7  0
;

s [*,*]
:    1   2   3   4   5   6   7    :=
1    0   0   0   0   0   0   0
2    1   0   0   0   0   0   0
3    1   0   0   0   0   0   0
4    1   0   0   0   0   0   0
5    0   0   1   0   0   0   0
6    0   0   0   0   0   0   0
7    1   0   0   0   0   0   0
8    1   0   0   0   0   0   0
9    0   0   0   0   0   0   0
10   1   0   0   0   0   0   0
11   0   0   0   0   0   0   0
12   1   0   1   0   0   0   0
13   0   0   1   0   0   0   0
14   1   0   0   0   0   0   0
15   1   0   1   0   0   0   0
;

c_kt :=
0 8    0
0 9    0
0 10   0
0 11   1
0 12   0
0 13   1
0 14   0
0 15   0
1 8    0
1 9    0
1 10   0
1 11   0
1 12   0
1 13   0
1 14   0
1 15   1
;

L_t [*] :=
 8  0
 9  0
10  0
11  0
12  0
13  0
14  0
15  0
;

accuratezza = 0.746667

fine iterazioneaa = 0.005

obiettivo = 0

Gurobi 9.5.2: timelim=600
Integrality=1
Gurobi 9.5.2: time limit with a feasible solution; objective 0.1471428571
3971057 simplex iterations
25696 branch-and-cut nodes
No basis.
No dual variables returned.
a [*,*]
:         1             2             3        4        5              6     :=
1    -0.956091     0             0             0    0             0
2     0.00683107   2.32342e-13   2.32342e-13   0    0             2.29367e-13
3     0            0             0             0    0             0
4     0.00162417   0             0             0   -2.20719e-13   0
5    -0.00147572   0             0             0    0             0
6     0            0             0             0    0             0
7     0.00447275   0             0             0    0             0
8     0            0             0             0    0             0
9    -0.00457033   0             0             0    0             0
10    0.00924417   0             0             0    0             0
11    0.00409937   0             0             0    0             0
12   -0.00233433   0             0             0    0             0
13   -0.00168498   0             0             0    0             0
14    0.00396463   0             0             0    0             0
15   -0.00360798   0             0             0    0             0

:    7    :=
1    0
2    0
3    0
4    0
5    0
6    0
7    0
8    0
9    0
10   0
11   0
12   0
13   0
14   0
15   0
;

b [*] :=
1  -0.948913
2   0
3   0
4   0
5   0
6   0
7   0
;

d [*] :=
1  1
2  0
3  0
4  0
5  0
6  0
7  0
;

s [*,*]
:    1   2   3   4   5   6   7    :=
1    1   0   0   0   0   0   0
2    1   0   0   0   0   0   0
3    0   0   0   0   0   0   0
4    1   0   0   0   0   0   0
5    1   0   0   0   0   0   0
6    0   0   0   0   0   0   0
7    1   0   0   0   0   0   0
8    0   0   0   0   0   0   0
9    1   0   0   0   0   0   0
10   1   0   0   0   0   0   0
11   1   0   0   0   0   0   0
12   1   0   0   0   0   0   0
13   1   0   0   0   0   0   0
14   1   0   0   0   0   0   0
15   1   0   0   0   0   0   0
;

c_kt :=
0 8    0
0 9    0
0 10   0
0 11   1
0 12   0
0 13   0
0 14   0
0 15   0
1 8    0
1 9    0
1 10   0
1 11   0
1 12   0
1 13   0
1 14   0
1 15   1
;

L_t [*] :=
 8  0
 9  0
10  0
11  1
12  0
13  0
14  0
15  1
;

accuratezza = 0.706667

fine iterazioneaa = 0.0075

obiettivo = 0

Gurobi 9.5.2: timelim=600
Integrality=1
Gurobi 9.5.2: time limit with a feasible solution; objective 0.1771428571
4381048 simplex iterations
33074 branch-and-cut nodes
No basis.
No dual variables returned.
a [*,*]
:         1              2             3             4        5        6     :=
1     0.000364564   0             0             0             0   0
2    -0.00155538    2.32341e-13   2.32342e-13   2.29367e-13   0   2.29367e-13
3     0.000205682   0             0             0             0   0
4    -0.000353081   0             0             0             0   0
5     0             0             0             0             0   0
6     0             0             0             0             0   0
7    -0.00112649    0             0             0             0   0
8     0             0             0             0             0   0
9     0.00318489    0             0             0             0   0
10   -0.00360249    0             0             0             0   0
11   -0.00198875    0             0             0             0   0
12    0.00108203    0             0             0             0   0
13    0.000503354   0             0             0             0   0
14   -0.000936439   0             0             0             0   0
15    0.000797687   0             0             0             0   0

:    7    :=
1    0
2    0
3    0
4    0
5    0
6    0
7    0
8    0
9    0
10   0
11   0
12   0
13   0
14   0
15   0
;

b [*] :=
1  -0.00113974
2   0
3   0
4   0
5   0
6   0
7   0
;

d [*] :=
1  1
2  0
3  0
4  0
5  0
6  0
7  0
;

s [*,*]
:    1   2   3   4   5   6   7    :=
1    1   0   0   0   0   0   0
2    1   0   0   0   0   0   0
3    1   0   0   0   0   0   0
4    1   0   0   0   0   0   0
5    0   0   0   0   0   0   0
6    0   0   0   0   0   0   0
7    1   0   0   0   0   0   0
8    0   0   0   0   0   0   0
9    1   0   0   0   0   0   0
10   1   0   0   0   0   0   0
11   1   0   0   0   0   0   0
12   1   0   0   0   0   0   0
13   1   0   0   0   0   0   0
14   1   0   0   0   0   0   0
15   1   0   0   0   0   0   0
;

c_kt :=
0 8    0
0 9    0
0 10   0
0 11   0
0 12   0
0 13   0
0 14   0
0 15   1
1 8    0
1 9    0
1 10   0
1 11   1
1 12   0
1 13   0
1 14   0
1 15   0
;

L_t [*] :=
 8  0
 9  0
10  0
11  1
12  0
13  0
14  0
15  1
;

accuratezza = 0.64

fine iterazioneaa = 0.01

obiettivo = 0

Gurobi 9.5.2: timelim=600
Integrality=1
Gurobi 9.5.2: time limit with a feasible solution; objective 0.2071428571
5451255 simplex iterations
47856 branch-and-cut nodes
No basis.
No dual variables returned.
a [*,*]
:         1         2   3   4   5   6   7    :=
1     0.000364564   0   0   0   0   0   0
2    -0.00155538    0   0   0   0   0   0
3     0.000205682   0   0   0   0   0   0
4    -0.000353081   0   0   0   0   0   0
5     0             0   0   0   0   0   0
6     0             0   0   0   0   0   0
7    -0.00112649    0   0   0   0   0   0
8     0             0   0   0   0   0   0
9     0.00318489    0   0   0   0   0   0
10   -0.00360249    0   0   0   0   0   0
11   -0.00198875    0   0   0   0   0   0
12    0.00108203    0   0   0   0   0   0
13    0.000503354   0   0   0   0   0   0
14   -0.000936439   0   0   0   0   0   0
15    0.000797687   0   0   0   0   0   0
;

b [*] :=
1  -0.00113974
2   0
3   0
4   0
5   0
6   0
7   0
;

d [*] :=
1  1
2  0
3  0
4  0
5  0
6  0
7  0
;

s [*,*]
:    1   2   3   4   5   6   7    :=
1    1   0   0   0   0   0   0
2    1   0   0   0   0   0   0
3    1   0   0   0   0   0   0
4    1   0   0   0   0   0   0
5    0   0   0   0   0   0   0
6    0   0   0   0   0   0   0
7    1   0   0   0   0   0   0
8    0   0   0   0   0   0   0
9    1   0   0   0   0   0   0
10   1   0   0   0   0   0   0
11   1   0   0   0   0   0   0
12   1   0   0   0   0   0   0
13   1   0   0   0   0   0   0
14   1   0   0   0   0   0   0
15   1   0   0   0   0   0   0
;

c_kt :=
0 8    0
0 9    0
0 10   0
0 11   0
0 12   0
0 13   0
0 14   0
0 15   1
1 8    0
1 9    0
1 10   0
1 11   1
1 12   0
1 13   0
1 14   0
1 15   0
;

L_t [*] :=
 8  0
 9  0
10  0
11  1
12  0
13  0
14  0
15  1
;

accuratezza = 0.64

fine iterazioneaa = 0.0125

obiettivo = 0

Gurobi 9.5.2: timelim=600
Integrality=1
Gurobi 9.5.2: time limit with a feasible solution; objective 0.2371428571
4034264 simplex iterations
48114 branch-and-cut nodes
No basis.
No dual variables returned.
a [*,*]
:         1         2        3             4        5        6        7    :=
1    -0.000291403   0   0             0             0   0             0
2     0.00345683    0   2.32342e-13   2.29367e-13   0   2.29367e-13   0
3     0             0   0             0             0   0             0
4     0.000847332   0   0             0             0   0             0
5     0             0   0             0             0   0             0
6    -0.000475815   0   0             0             0   0             0
7     0.00242805    0   0             0             0   0             0
8     0             0   0             0             0   0             0
9    -0.00284934    0   0             0             0   0             0
10    0.00596391    0   0             0             0   0             0
11    0.00139515    0   0             0             0   0             0
12   -0.00142441    0   0             0             0   0             0
13   -0.000916085   0   0             0             0   0             0
14    0.00224404    0   0             0             0   0             0
15   -0.00185991    0   0             0             0   0             0
;

b [*] :=
1  0.00357824
2  0
3  0
4  0
5  0
6  0
7  0
;

d [*] :=
1  1
2  0
3  0
4  0
5  0
6  0
7  0
;

s [*,*]
:    1   2   3   4   5   6   7    :=
1    1   0   0   0   0   0   0
2    1   0   0   0   0   0   0
3    0   0   0   0   0   0   0
4    1   0   0   0   0   0   0
5    0   0   0   0   0   0   0
6    1   0   0   0   0   0   0
7    1   0   0   0   0   0   0
8    0   0   0   0   0   0   0
9    1   0   0   0   0   0   0
10   1   0   0   0   0   0   0
11   1   0   0   0   0   0   0
12   1   0   0   0   0   0   0
13   1   0   0   0   0   0   0
14   1   0   0   0   0   0   0
15   1   0   0   0   0   0   0
;

c_kt :=
0 8    0
0 9    0
0 10   0
0 11   1
0 12   0
0 13   0
0 14   0
0 15   0
1 8    0
1 9    0
1 10   0
1 11   0
1 12   0
1 13   0
1 14   0
1 15   1
;

L_t [*] :=
 8  0
 9  0
10  0
11  0
12  0
13  0
14  0
15  2
;

accuratezza = 0.666667

fine iterazioneaa = 0.015

obiettivo = 0

Gurobi 9.5.2: timelim=600
Integrality=1
Gurobi 9.5.2: time limit with a feasible solution; objective 0.2496428571
5211913 simplex iterations
51741 branch-and-cut nodes
No basis.
No dual variables returned.
a [*,*]
:         1        2    3   4   5        6             7         :=
1    -0.0220938     0   0   0   0   0              0
2     0.0783457     0   0   0   0   2.29367e-13   -1.0785e-13
3     0             0   0   0   0   0              0
4     0.00697856    0   0   0   0   0              0
5     0             0   0   0   0   0              0
6     0             0   0   0   0   0              0
7     0.0238742     0   0   0   0   0              0
8     0             0   0   0   0   0              0
9    -0.147805      0   0   0   0   0              0
10    0.162548     -1   0   0   0   0              0
11    0.0632213     0   0   0   0   0              0
12   -0.043031      0   0   0   0   0              0
13   -0.438897      0   0   0   0   0              0
14    0             0   0   0   0   0              0
15   -0.0132044     0   0   0   0   0              0
;

b [*] :=
1   0.0478578
2  -0.531395
3   0
4   0
5   0
6   0
7   0
;

d [*] :=
1  1
2  1
3  0
4  0
5  0
6  0
7  0
;

s [*,*]
:    1   2   3   4   5   6   7    :=
1    1   0   0   0   0   0   0
2    1   0   0   0   0   0   0
3    0   0   0   0   0   0   0
4    1   0   0   0   0   0   0
5    0   0   0   0   0   0   0
6    0   0   0   0   0   0   0
7    1   0   0   0   0   0   0
8    0   0   0   0   0   0   0
9    1   0   0   0   0   0   0
10   1   1   0   0   0   0   0
11   1   0   0   0   0   0   0
12   1   0   0   0   0   0   0
13   1   0   0   0   0   0   0
14   0   0   0   0   0   0   0
15   1   0   0   0   0   0   0
;

c_kt :=
0 8    0
0 9    0
0 10   0
0 11   1
0 12   0
0 13   0
0 14   0
0 15   0
1 8    0
1 9    1
1 10   0
1 11   0
1 12   0
1 13   0
1 14   0
1 15   1
;

L_t [*] :=
 8  0
 9  0
10  0
11  1
12  0
13  0
14  0
15  1
;

accuratezza = 0.693333

fine iterazioneaa = 0.0175

obiettivo = 0

Gurobi 9.5.2: timelim=600
Integrality=1
Gurobi 9.5.2: time limit with a feasible solution; objective 0.2971428571
4335262 simplex iterations
38155 branch-and-cut nodes
No basis.
No dual variables returned.
a [*,*]
:        1        2   3   4   5   6   7    :=
1    -0.0158604   0   0   0   0   0   0
2     0.128634    0   0   0   0   0   0
3     0           0   0   0   0   0   0
4     0.0306229   0   0   0   0   0   0
5     0           0   0   0   0   0   0
6    -0.0268809   0   0   0   0   0   0
7     0.123698    0   0   0   0   0   0
8     0           0   0   0   0   0   0
9    -0.118592    0   0   0   0   0   0
10    0.244933    0   0   0   0   0   0
11    0.0914767   0   0   0   0   0   0
12   -0.0771135   0   0   0   0   0   0
13   -0.0278061   0   0   0   0   0   0
14    0.0654904   0   0   0   0   0   0
15   -0.0488924   0   0   0   0   0   0
;

b [*] :=
1  0.138993
2  0
3  0
4  0
5  0
6  0
7  0
;

d [*] :=
1  1
2  0
3  0
4  0
5  0
6  0
7  0
;

s [*,*]
:    1   2   3   4   5   6   7    :=
1    1   0   0   0   0   0   0
2    1   0   0   0   0   0   0
3    0   0   0   0   0   0   0
4    1   0   0   0   0   0   0
5    0   0   0   0   0   0   0
6    1   0   0   0   0   0   0
7    1   0   0   0   0   0   0
8    0   0   0   0   0   0   0
9    1   0   0   0   0   0   0
10   1   0   0   0   0   0   0
11   1   0   0   0   0   0   0
12   1   0   0   0   0   0   0
13   1   0   0   0   0   0   0
14   1   0   0   0   0   0   0
15   1   0   0   0   0   0   0
;

c_kt :=
0 8    0
0 9    0
0 10   0
0 11   1
0 12   0
0 13   0
0 14   0
0 15   0
1 8    0
1 9    0
1 10   0
1 11   0
1 12   0
1 13   0
1 14   0
1 15   1
;

L_t [*] :=
 8  0
 9  0
10  0
11  0
12  0
13  0
14  0
15  2
;

accuratezza = 0.68

fine iterazioneaa = 0.02

obiettivo = 0

Gurobi 9.5.2: timelim=600
Integrality=1
Gurobi 9.5.2: time limit with a feasible solution; objective 0.3228571429
4825853 simplex iterations
46743 branch-and-cut nodes
No basis.
No dual variables returned.
a [*,*]
:         1        2   3   4   5   6   7    :=
1     0            0   0   0   0   0   0
2     0.0189977    0   0   0   0   0   0
3     0            0   0   0   0   0   0
4     0.00458349   0   0   0   0   0   0
5     0            0   0   0   0   0   0
6     0            0   0   0   0   0   0
7     0.025474     0   0   0   0   0   0
8     0.015387     0   0   0   0   0   0
9     0            0   0   0   0   0   0
10    0            0   0   0   0   0   0
11    0.0329583    0   0   0   0   0   0
12   -0.0123438    0   0   0   0   0   0
13    0.880947     0   0   0   0   0   0
14    0            0   0   0   0   0   0
15   -0.00930869   0   0   0   0   0   0
;

b [*] :=
1  0.0213999
2  0
3  0
4  0
5  0
6  0
7  0
;

d [*] :=
1  1
2  0
3  0
4  0
5  0
6  0
7  0
;

s [*,*]
:    1   2   3   4   5   6   7    :=
1    0   0   0   0   0   0   0
2    1   0   0   0   0   0   0
3    0   0   0   0   0   0   0
4    1   0   0   0   0   0   0
5    0   0   0   0   0   0   0
6    0   0   0   0   0   0   0
7    1   0   0   0   0   0   0
8    1   0   0   0   0   0   0
9    0   0   0   0   0   0   0
10   0   0   0   0   0   0   0
11   1   0   0   0   0   0   0
12   1   0   0   0   0   0   0
13   1   0   0   0   0   0   0
14   0   0   0   0   0   0   0
15   1   0   0   0   0   0   0
;

c_kt :=
0 8    0
0 9    0
0 10   0
0 11   1
0 12   0
0 13   0
0 14   0
0 15   0
1 8    0
1 9    0
1 10   0
1 11   0
1 12   0
1 13   0
1 14   0
1 15   1
;

L_t [*] :=
 8  0
 9  0
10  0
11  2
12  0
13  0
14  0
15  3
;

accuratezza = 0.733333

fine iterazioneaa = 0.0225

obiettivo = 0

Gurobi 9.5.2: timelim=600
Integrality=1
Gurobi 9.5.2: time limit with a feasible solution; objective 0.2535714286
4125549 simplex iterations
34399 branch-and-cut nodes
No basis.
No dual variables returned.
a [*,*]
:         1             2             3             4        5   6   7    :=
1     0            0              0            0             0   0   0
2     0.00546701   2.31404e-13    0            2.29367e-13   0   0   0
3     0.00125745   0              0            0             0   0   0
4     0            0              0            0             0   0   0
5     0            0              0            0             0   0   0
6    -0.0072487    0              0            0             0   0   0
7     0.00718653   0              0            0             0   0   0
8     0            0             -0.15389      0             0   0   0
9     0            0              0            0             0   0   0
10    0            0              0            0             0   0   0
11    0.0101077    0             -0.00687648   0             0   0   0
12    0            0              0            0             0   0   0
13    0.968733     0              0.0593102    0             0   0   0
14    0            0              0            0             0   0   0
15    0            0              0            0             0   0   0
;

b [*] :=
1   0.00910708
2   0
3  -0.00496365
4   0
5   0
6   0
7   0
;

d [*] :=
1  1
2  0
3  1
4  0
5  0
6  0
7  0
;

s [*,*]
:    1   2   3   4   5   6   7    :=
1    0   0   0   0   0   0   0
2    1   0   0   0   0   0   0
3    1   0   0   0   0   0   0
4    0   0   0   0   0   0   0
5    0   0   0   0   0   0   0
6    1   0   0   0   0   0   0
7    1   0   0   0   0   0   0
8    0   0   1   0   0   0   0
9    0   0   0   0   0   0   0
10   0   0   0   0   0   0   0
11   1   0   1   0   0   0   0
12   0   0   0   0   0   0   0
13   1   0   1   0   0   0   0
14   0   0   0   0   0   0   0
15   0   0   0   0   0   0   0
;

c_kt :=
0 8    0
0 9    0
0 10   0
0 11   1
0 12   0
0 13   0
0 14   0
0 15   1
1 8    0
1 9    0
1 10   0
1 11   0
1 12   0
1 13   1
1 14   0
1 15   0
;

L_t [*] :=
 8  0
 9  0
10  0
11  0
12  0
13  0
14  0
15  1
;

accuratezza = 0.64

fine iterazioneaa = 0.025

obiettivo = 0

Gurobi 9.5.2: timelim=600
Integrality=1
Gurobi 9.5.2: time limit with a feasible solution; objective 0.3046428571
5196888 simplex iterations
42688 branch-and-cut nodes
No basis.
No dual variables returned.
a [*,*]
:         1         2        3         4   5   6   7    :=
1     0             0    0             0   0   0   0
2     0.00260751    0    0             0   0   0   0
3     0             0    0             0   0   0   0
4     0             0    0.000129032   0   0   0   0
5    -0.000821131   0    0             0   0   0   0
6     0             0    0             0   0   0   0
7     0.00182649    0    0             0   0   0   0
8     0             0    0.0131525     0   0   0   0
9     0             0    0             0   0   0   0
10    0.00329875    0    0             0   0   0   0
11    0             0    0             0   0   0   0
12    0             0    0             0   0   0   0
13    0.222821      0   -0.00333451    0   0   0   0
14    0             0    0.00208108    0   0   0   0
15    0             0    0             0   0   0   0
;

b [*] :=
1  0.00407654
2  0
3  0.000731535
4  0
5  0
6  0
7  0
;

d [*] :=
1  1
2  0
3  1
4  0
5  0
6  0
7  0
;

s [*,*]
:    1   2   3   4   5   6   7    :=
1    0   0   0   0   0   0   0
2    1   0   0   0   0   0   0
3    0   0   0   0   0   0   0
4    0   0   1   0   0   0   0
5    1   0   0   0   0   0   0
6    0   0   0   0   0   0   0
7    1   0   0   0   0   0   0
8    0   0   1   0   0   0   0
9    0   0   0   0   0   0   0
10   1   0   0   0   0   0   0
11   0   0   0   0   0   0   0
12   0   0   0   0   0   0   0
13   1   0   1   0   0   0   0
14   0   0   1   0   0   0   0
15   0   0   0   0   0   0   0
;

c_kt :=
0 8    0
0 9    0
0 10   0
0 11   1
0 12   0
0 13   1
0 14   0
0 15   0
1 8    0
1 9    0
1 10   0
1 11   0
1 12   0
1 13   0
1 14   0
1 15   1
;

L_t [*] :=
 8  0
 9  0
10  0
11  2
12  0
13  0
14  0
15  0
;

accuratezza = 0.76

fine iterazioneaa = 0.0275

obiettivo = 0

Gurobi 9.5.2: timelim=600
Integrality=1
Gurobi 9.5.2: time limit with a feasible solution; objective 0.3785714286
5387063 simplex iterations
28228 branch-and-cut nodes
No basis.
No dual variables returned.
a [*,*]
:        1       2   3   4   5   6   7    :=
1     0          0   0   0   0   0   0
2    -0.272051   0   0   0   0   0   0
3     0          0   0   0   0   0   0
4    -0.066665   0   0   0   0   0   0
5     0          0   0   0   0   0   0
6     0          0   0   0   0   0   0
7     0          0   0   0   0   0   0
8     0          1   0   0   0   0   0
9     0          0   0   0   0   0   0
10    0          0   0   0   0   0   0
11   -0.359498   0   0   0   0   0   0
12    0          0   0   0   0   0   0
13    0          0   0   0   0   0   0
14    0.301786   0   0   0   0   0   0
15    0          0   0   0   0   0   0
;

b [*] :=
1  -0.167328
2   0.0248353
3   0
4   0
5   0
6   0
7   0
;

d [*] :=
1  1
2  1
3  0
4  0
5  0
6  0
7  0
;

s [*,*]
:    1   2   3   4   5   6   7    :=
1    0   0   0   0   0   0   0
2    1   0   0   0   0   0   0
3    0   0   0   0   0   0   0
4    1   0   0   0   0   0   0
5    0   0   0   0   0   0   0
6    0   0   0   0   0   0   0
7    0   0   0   0   0   0   0
8    0   1   0   0   0   0   0
9    0   0   0   0   0   0   0
10   0   0   0   0   0   0   0
11   1   0   0   0   0   0   0
12   0   0   0   0   0   0   0
13   0   0   0   0   0   0   0
14   1   0   0   0   0   0   0
15   0   0   0   0   0   0   0
;

c_kt :=
0 8    0
0 9    1
0 10   0
0 11   0
0 12   0
0 13   0
0 14   0
0 15   1
1 8    0
1 9    0
1 10   0
1 11   1
1 12   0
1 13   0
1 14   0
1 15   0
;

L_t [*] :=
 8  0
 9  0
10  0
11  1
12  0
13  0
14  0
15  7
;

accuratezza = 0.706667

fine iterazioneaa = 0.03

obiettivo = 0

Gurobi 9.5.2: timelim=600
Integrality=1
Gurobi 9.5.2: time limit with a feasible solution; objective 0.3625
4719307 simplex iterations
38470 branch-and-cut nodes
No basis.
No dual variables returned.
a [*,*]
:         1        2   3        4             5         6   7    :=
1     0            0   0   0              0             0   0
2     0.00260751   0   0   2.29962e-13    0             0   0
3     0            0   0   0              0             0   0
4     0            0   0   0             -7.04925e-12   0   0
5    -0.00126777   0   0   0              0             0   0
6     0            0   0   0              0             0   0
7     0.00182649   0   0   0              0             0   0
8     0            0   0   0              0             0   0
9     0            0   0   0              0             0   0
10    0.00329875   0   0   0              0             0   0
11    0            0   0   0              0             0   0
12    0            0   0   0              0             0   0
13    0.222821     0   0   0             -6.99196e-12   0   0
14    0            0   0   0              0             0   0
15    0            0   0   0              0             0   0
;

b [*] :=
1  0.00407654
2  0
3  0
4  0
5  0
6  0
7  0
;

d [*] :=
1  1
2  0
3  0
4  0
5  0
6  0
7  0
;

s [*,*]
:    1   2   3   4   5   6   7    :=
1    0   0   0   0   0   0   0
2    1   0   0   0   0   0   0
3    0   0   0   0   0   0   0
4    0   0   0   0   0   0   0
5    1   0   0   0   0   0   0
6    0   0   0   0   0   0   0
7    1   0   0   0   0   0   0
8    0   0   0   0   0   0   0
9    0   0   0   0   0   0   0
10   1   0   0   0   0   0   0
11   0   0   0   0   0   0   0
12   0   0   0   0   0   0   0
13   1   0   0   0   0   0   0
14   0   0   0   0   0   0   0
15   0   0   0   0   0   0   0
;

c_kt :=
0 8    0
0 9    0
0 10   0
0 11   1
0 12   0
0 13   0
0 14   0
0 15   0
1 8    0
1 9    0
1 10   0
1 11   0
1 12   0
1 13   0
1 14   0
1 15   1
;

L_t [*] :=
 8  0
 9  0
10  0
11  2
12  0
13  0
14  0
15  5
;

accuratezza = 0.8

fine iterazioneaa = 0.0325

obiettivo = 0

Gurobi 9.5.2: timelim=600
Integrality=1
Gurobi 9.5.2: time limit with a feasible solution; objective 0.375
5029287 simplex iterations
26659 branch-and-cut nodes
No basis.
No dual variables returned.
a [*,*]
:        1        2   3   4        5         6      7        :=
1    0            0   0   0    0             0   0
2    0            0   0   0   -1.27226e-13   0   0
3    0            0   0   0    0             0   0
4    0            0   0   0    0             0   0
5    0            0   0   0    0             0   0
6    0            0   0   0    0             0   0
7    0.00192126   0   0   0    2.4758e-13    0   0
8    0            0   0   0    0             0   0.611677
9    0            0   0   0    0             0   0
10   0            0   0   0    0             0   0
11   0            0   0   0    0             0   0.388323
12   0            0   0   0    0             0   0
13   0.203551     0   0   0    0             0   0
14   0            0   0   0    0             0   0
15   0            0   0   0    0             0   0
;

b [*] :=
1   0.000811024
2   0
3  -1
4   0
5   0
6   0
7   0.0361049
;

d [*] :=
1  1
2  0
3  1
4  0
5  0
6  0
7  1
;

s [*,*]
:    1   2   3   4   5   6   7    :=
1    0   0   0   0   0   0   0
2    0   0   0   0   0   0   0
3    0   0   0   0   0   0   0
4    0   0   1   0   0   0   0
5    0   0   0   0   0   0   0
6    0   0   0   0   0   0   0
7    1   0   0   0   0   0   0
8    0   0   0   0   0   0   1
9    0   0   0   0   0   0   0
10   0   0   0   0   0   0   0
11   0   0   0   0   0   0   1
12   0   0   0   0   0   0   0
13   1   0   0   0   0   0   0
14   0   0   0   0   0   0   0
15   0   0   0   0   0   0   0
;

c_kt :=
0 8    0
0 9    0
0 10   0
0 11   1
0 12   0
0 13   0
0 14   1
0 15   0
1 8    0
1 9    0
1 10   0
1 11   0
1 12   0
1 13   0
1 14   0
1 15   1
;

L_t [*] :=
 8  0
 9  0
10  0
11  2
12  0
13  0
14  0
15  5
;

accuratezza = 0.773333

fine iterazioneaa = 0.035

obiettivo = 0

Gurobi 9.5.2: timelim=600
Integrality=1
Gurobi 9.5.2: time limit with a feasible solution; objective 0.3214287092
4370014 simplex iterations
28132 branch-and-cut nodes
No basis.
No dual variables returned.
2 integer variables rounded to integers; maxerr = 4.82304e-06
a [*,*]
:        1        2       3       4   5   6   7    :=
1    0            0    0          0   0   0   0
2    0            0    0          0   0   0   0
3    0            0    0          0   0   0   0
4    0            0    0          0   0   0   0
5    0            0    0          0   0   0   0
6    0            0    0          0   0   0   0
7    0.00706199   0    0          0   0   0   0
8    0            0    0.726198   0   0   0   0
9    0            0    0          0   0   0   0
10   0            0    0          0   0   0   0
11   0            0    0          0   0   0   0
12   0            0    0          0   0   0   0
13   0.992938     0   -0.273802   0   0   0   0
14   0            0    0          0   0   0   0
15   0            0    0          0   0   0   0
;

b [*] :=
1  0.00346884
2  0
3  0.0228139
4  0
5  0
6  0
7  0
;

d [*] :=
1  1
2  0
3  1
4  0
5  0
6  0
7  0
;

s [*,*]
:    1   2   3   4   5   6   7    :=
1    0   0   0   0   0   0   0
2    0   0   0   0   0   0   0
3    0   0   0   0   0   0   0
4    0   0   0   0   0   0   0
5    0   0   0   0   0   0   0
6    0   0   0   0   0   0   0
7    1   0   0   0   0   0   0
8    0   0   1   0   0   0   0
9    0   0   0   0   0   0   0
10   0   0   0   0   0   0   0
11   0   0   0   0   0   0   0
12   0   0   0   0   0   0   0
13   1   0   1   0   0   0   0
14   0   0   0   0   0   0   0
15   0   0   0   0   0   0   0
;

c_kt :=
0 8    0
0 9    0
0 10   0
0 11   1
0 12   0
0 13   1
0 14   0
0 15   0
1 8    0
1 9    0
1 10   0
1 11   0
1 12   0
1 13   0
1 14   0
1 15   1
;

L_t [*] :=
 8  0
 9  0
10  0
11  2
12  0
13  2
14  0
15  2
;

accuratezza = 0.693333

fine iterazioneaa = 0.0375

obiettivo = 0

Gurobi 9.5.2: timelim=600
Integrality=1
Gurobi 9.5.2: time limit with a feasible solution; objective 0.3942857143
4490533 simplex iterations
23330 branch-and-cut nodes
No basis.
No dual variables returned.
4 integer variables rounded to integers; maxerr = 7.88799e-06
a [*,*]
:        1        2   3   4   5   6   7    :=
1    0            0   0   0   0   0   0
2    0            0   0   0   0   0   0
3    0            0   0   0   0   0   0
4    0            0   0   0   0   0   0
5    0            0   0   0   0   0   0
6    0            0   0   0   0   0   0
7    0.00706199   0   0   0   0   0   0
8    0            0   0   0   0   0   0
9    0            0   0   0   0   0   0
10   0            0   0   0   0   0   0
11   0            0   0   0   0   0   0
12   0            0   0   0   0   0   0
13   0.992938     0   0   0   0   0   0
14   0            0   0   0   0   0   0
15   0            0   0   0   0   0   0
;

b [*] :=
1  0.00346884
2  0
3  0
4  0
5  0
6  0
7  0
;

d [*] :=
1  1
2  0
3  0
4  0
5  0
6  0
7  0
;

s [*,*]
:    1   2   3   4   5   6   7    :=
1    0   0   0   0   0   0   0
2    0   0   0   0   0   0   0
3    0   0   0   0   0   0   0
4    0   0   0   0   0   0   0
5    0   0   0   0   0   0   0
6    0   0   0   0   0   0   0
7    1   0   0   0   0   0   0
8    0   0   0   0   0   0   0
9    0   0   0   0   0   0   0
10   0   0   0   0   0   0   0
11   0   0   0   0   0   0   0
12   0   0   0   0   0   0   0
13   1   0   0   0   0   0   0
14   0   0   0   0   0   0   0
15   0   0   0   0   0   0   0
;

c_kt :=
0 8    0
0 9    0
0 10   0
0 11   1
0 12   0
0 13   0
0 14   0
0 15   0
1 8    0
1 9    0
1 10   0
1 11   0
1 12   0
1 13   0
1 14   0
1 15   1
;

L_t [*] :=
 8  0
 9  0
10  0
11  2
12  0
13  0
14  0
15  9
;

accuratezza = 0.76

fine iterazioneaa = 0.04

obiettivo = 0

Gurobi 9.5.2: timelim=600
Integrality=1
Gurobi 9.5.2: time limit with a feasible solution; objective 0.4125
4284260 simplex iterations
33603 branch-and-cut nodes
No basis.
No dual variables returned.
a [*,*]
:         1        2        3        4   5        6             7          :=
1     0            0   0             0   0   0              0
2     0.0106859    0   2.32342e-13   0   0   0              0
3     0            0   0             0   0   0              0
4     0            0   0             0   0   0             -1.12311e-13
5    -0.00324886   0   0             0   0   0              0
6     0            0   0             0   0   0              0
7     0.00741533   0   0             0   0   0              0
8     0            0   0             0   0   0              0
9     0            0   0             0   0   1.64106e-13    0
10    0.0139127    0   0             0   0   0              0
11    0            0   0             0   0   0              0
12    0            0   0             0   0   0              0
13    0.964737     0   0             0   0   0              0
14    0            0   0             0   0   0              0
15    0            0   0             0   0   0              0
;

b [*] :=
1  0.0168932
2  0
3  0
4  0
5  0
6  0
7  0
;

d [*] :=
1  1
2  0
3  0
4  0
5  0
6  0
7  0
;

s [*,*]
:    1   2   3   4   5   6   7    :=
1    0   0   0   0   0   0   0
2    1   0   0   0   0   0   0
3    0   0   0   0   0   0   0
4    0   0   0   0   0   0   0
5    1   0   0   0   0   0   0
6    0   0   0   0   0   0   0
7    1   0   0   0   0   0   0
8    0   0   0   0   0   0   0
9    0   0   0   0   0   0   0
10   1   0   0   0   0   0   0
11   0   0   0   0   0   0   0
12   0   0   0   0   0   0   0
13   1   0   0   0   0   0   0
14   0   0   0   0   0   0   0
15   0   0   0   0   0   0   0
;

c_kt :=
0 8    0
0 9    0
0 10   0
0 11   1
0 12   0
0 13   0
0 14   0
0 15   0
1 8    0
1 9    0
1 10   0
1 11   0
1 12   0
1 13   0
1 14   0
1 15   1
;

L_t [*] :=
 8  0
 9  0
10  0
11  2
12  0
13  0
14  0
15  5
;

accuratezza = 0.813333

fine iterazioneaa = 0.0425

obiettivo = 0

Gurobi 9.5.2: timelim=600
Integrality=1
Gurobi 9.5.2: time limit with a feasible solution; objective 0.4207142857
4633177 simplex iterations
23710 branch-and-cut nodes
No basis.
No dual variables returned.
a [*,*]
:        1        2   3   4   5   6   7    :=
1    0            0   0   0   0   0   0
2    0            0   0   0   0   0   0
3    0            0   0   0   0   0   0
4    0            0   0   0   0   0   0
5    0            0   0   0   0   0   0
6    0            0   0   0   0   0   0
7    0.00545732   0   0   0   0   0   0
8    0            0   0   0   0   0   0
9    0            0   0   0   0   0   0
10   0.0090367    0   0   0   0   0   0
11   0            0   0   0   0   0   0
12   0            0   0   0   0   0   0
13   0.985506     0   0   0   0   0   0
14   0            0   0   0   0   0   0
15   0            0   0   0   0   0   0
;

b [*] :=
1  0.00766708
2  0
3  0
4  0
5  0
6  0
7  0
;

d [*] :=
1  1
2  0
3  0
4  0
5  0
6  0
7  0
;

s [*,*]
:    1   2   3   4   5   6   7    :=
1    0   0   0   0   0   0   0
2    0   0   0   0   0   0   0
3    0   0   0   0   0   0   0
4    0   0   0   0   0   0   0
5    0   0   0   0   0   0   0
6    0   0   0   0   0   0   0
7    1   0   0   0   0   0   0
8    0   0   0   0   0   0   0
9    0   0   0   0   0   0   0
10   1   0   0   0   0   0   0
11   0   0   0   0   0   0   0
12   0   0   0   0   0   0   0
13   1   0   0   0   0   0   0
14   0   0   0   0   0   0   0
15   0   0   0   0   0   0   0
;

c_kt :=
0 8    0
0 9    0
0 10   0
0 11   1
0 12   0
0 13   0
0 14   0
0 15   0
1 8    0
1 9    0
1 10   0
1 11   0
1 12   0
1 13   0
1 14   0
1 15   1
;

L_t [*] :=
 8  0
 9  0
10  0
11  4
12  0
13  0
14  0
15  6
;

accuratezza = 0.826667

fine iterazioneaa = 0.045

obiettivo = 0

Gurobi 9.5.2: timelim=600
Integrality=1
Gurobi 9.5.2: time limit with a feasible solution; objective 0.4092857143
3543672 simplex iterations
20323 branch-and-cut nodes
No basis.
No dual variables returned.
4 integer variables rounded to integers; maxerr = 4.90094e-06
a [*,*]
:         1             2        3   4   5        6              7         :=
1     0            0             0   0   0    0             0
2     0            2.34015e-13   0   0   0    0             1.13985e-13
3     0            0             0   0   0    0             0
4     0            0             0   0   0    0             0
5     0            0             0   0   0    0             0
6     0            0             0   0   0    0             0
7    -0.00703476   0             0   0   0   -2.68257e-13   0
8     0            0             0   0   0    0             0
9     0            0             0   0   0    0             0
10    0            0             0   0   0    0             0
11    0            0             0   0   0    0             0
12    0            0             0   0   0    0             0
13   -0.989109     0             0   0   0    0             0
14    0            0             0   0   0    0             0
15    0            0             0   0   0    0             0
;

b [*] :=
1  -0.00340566
2   0
3   0
4   0
5   0
6   0
7   0
;

d [*] :=
1  1
2  0
3  0
4  0
5  0
6  0
7  0
;

s [*,*]
:    1   2   3   4   5   6   7    :=
1    0   0   0   0   0   0   0
2    0   0   0   0   0   0   0
3    0   0   0   0   0   0   0
4    0   0   0   0   0   0   0
5    0   0   0   0   0   0   0
6    0   0   0   0   0   0   0
7    1   0   0   0   0   0   0
8    0   0   0   0   0   0   0
9    0   0   0   0   0   0   0
10   0   0   0   0   0   0   0
11   0   0   0   0   0   0   0
12   0   0   0   0   0   0   0
13   1   0   0   0   0   0   0
14   0   0   0   0   0   0   0
15   0   0   0   0   0   0   0
;

c_kt :=
0 8    0
0 9    0
0 10   0
0 11   0
0 12   0
0 13   0
0 14   0
0 15   1
1 8    0
1 9    0
1 10   0
1 11   1
1 12   0
1 13   0
1 14   0
1 15   0
;

L_t [*] :=
 8  0
 9  0
10  0
11  9
12  0
13  0
14  0
15  2
;

accuratezza = 0.76

fine iterazioneaa = 0.0475

obiettivo = 0

Gurobi 9.5.2: timelim=600
Integrality=1
Gurobi 9.5.2: time limit with a feasible solution; objective 0.4142858521
4804961 simplex iterations
21090 branch-and-cut nodes
No basis.
No dual variables returned.
2 integer variables rounded to integers; maxerr = 4.82309e-06
a [*,*]
:         1             2             3             4        5        6      :=
1     0            0             0             0             0   0
2     0            2.32342e-13   2.32342e-13   2.29367e-13   0   2.29367e-13
3     0            0             0             0             0   0
4     0            0             0             0             0   0
5     0            0             0             0             0   0
6     0            0             0             0             0   0
7    -0.00706199   0             0             0             0   0
8     0            0             0             0             0   0
9     0            0             0             0             0   0
10    0            0             0             0             0   0
11    0            0             0             0             0   0
12    0            0             0             0             0   0
13   -0.992938     0             0             0             0   0
14    0            0             0             0             0   0
15    0            0             0             0             0   0

:    7    :=
1    0
2    0
3    0
4    0
5    0
6    0
7    0
8    0
9    0
10   0
11   0
12   0
13   0
14   0
15   0
;

b [*] :=
1  -0.00341884
2   0
3   0
4   0
5   0
6   0
7   0
;

d [*] :=
1  1
2  0
3  0
4  0
5  0
6  0
7  0
;

s [*,*]
:    1   2   3   4   5   6   7    :=
1    0   0   0   0   0   0   0
2    0   0   0   0   0   0   0
3    0   0   0   0   0   0   0
4    0   0   0   0   0   0   0
5    0   0   0   0   0   0   0
6    0   0   0   0   0   0   0
7    1   0   0   0   0   0   0
8    0   0   0   0   0   0   0
9    0   0   0   0   0   0   0
10   0   0   0   0   0   0   0
11   0   0   0   0   0   0   0
12   0   0   0   0   0   0   0
13   1   0   0   0   0   0   0
14   0   0   0   0   0   0   0
15   0   0   0   0   0   0   0
;

c_kt :=
0 8    0
0 9    0
0 10   0
0 11   0
0 12   0
0 13   0
0 14   0
0 15   1
1 8    0
1 9    0
1 10   0
1 11   1
1 12   0
1 13   0
1 14   0
1 15   0
;

L_t [*] :=
 8  0
 9  0
10  0
11  9
12  0
13  0
14  0
15  2
;

accuratezza = 0.76

fine iterazioneaa = 0.05

obiettivo = 0

Gurobi 9.5.2: timelim=600
Integrality=1
Gurobi 9.5.2: time limit with a feasible solution; objective 0.4192853525
4105450 simplex iterations
20065 branch-and-cut nodes
No basis.
No dual variables returned.
6 integer variables rounded to integers; maxerr = 4.9434e-06
a [*,*]
:         1             2        3   4   5   6   7    :=
1     0             0            0   0   0   0   0
2     0             0            0   0   0   0   0
3     0             0            0   0   0   0   0
4     0             0            0   0   0   0   0
5     0             0            0   0   0   0   0
6     0             0            0   0   0   0   0
7     0.0070533     0            0   0   0   0   0
8     0             2.3933e-12   0   0   0   0   0
9     0             0            0   0   0   0   0
10   -5.55112e-17   0            0   0   0   0   0
11    0             0            0   0   0   0   0
12    0             0            0   0   0   0   0
13    0.992947      0            0   0   0   0   0
14    0             0            0   0   0   0   0
15    0             0            0   0   0   0   0
;

b [*] :=
1  0.00346463
2  0
3  0
4  0
5  0
6  0
7  0
;

d [*] :=
1  1
2  0
3  0
4  0
5  0
6  0
7  0
;

s [*,*]
:    1   2   3   4   5   6   7    :=
1    0   0   0   0   0   0   0
2    0   0   0   0   0   0   0
3    0   0   0   0   0   0   0
4    0   0   0   0   0   0   0
5    0   0   0   0   0   0   0
6    0   0   0   0   0   0   0
7    1   0   0   0   0   0   0
8    0   0   0   0   0   0   0
9    0   0   0   0   0   0   0
10   0   0   0   0   0   0   0
11   0   0   0   0   0   0   0
12   0   0   0   0   0   0   0
13   1   0   0   0   0   0   0
14   0   0   0   0   0   0   0
15   0   0   0   0   0   0   0
;

c_kt :=
0 8    0
0 9    0
0 10   0
0 11   1
0 12   0
0 13   0
0 14   0
0 15   0
1 8    0
1 9    0
1 10   0
1 11   0
1 12   0
1 13   0
1 14   0
1 15   1
;

L_t [*] :=
 8  0
 9  0
10  0
11  1.99999
12  0
13  0
14  0
15  9
;

accuratezza = 0.76

fine iterazioneaa = 0.0525

obiettivo = 0

Gurobi 9.5.2: timelim=600
Integrality=1
Gurobi 9.5.2: time limit with a feasible solution; objective 0.424278682
4053897 simplex iterations
30658 branch-and-cut nodes
No basis.
No dual variables returned.
28 integer variables rounded to integers; maxerr = 8.267e-06
a [*,*]
:         1        2   3   4   5   6   7    :=
1     0            0   0   0   0   0   0
2     0            0   0   0   0   0   0
3     0            0   0   0   0   0   0
4     0            0   0   0   0   0   0
5     0            0   0   0   0   0   0
6     0            0   0   0   0   0   0
7    -0.00705224   0   0   0   0   0   0
8     0            0   0   0   0   0   0
9     0            0   0   0   0   0   0
10    0            0   0   0   0   0   0
11    0            0   0   0   0   0   0
12    0            0   0   0   0   0   0
13   -0.992948     0   0   0   0   0   0
14    0            0   0   0   0   0   0
15    0            0   0   0   0   0   0
;

b [*] :=
1  -0.00341412
2   0
3   0
4   0
5   0
6   0
7   0
;

d [*] :=
1  1
2  0
3  0
4  0
5  0
6  0
7  0
;

s [*,*]
:    1   2   3   4   5   6   7    :=
1    0   0   0   0   0   0   0
2    0   0   0   0   0   0   0
3    0   0   0   0   0   0   0
4    0   0   0   0   0   0   0
5    0   0   0   0   0   0   0
6    0   0   0   0   0   0   0
7    1   0   0   0   0   0   0
8    0   0   0   0   0   0   0
9    0   0   0   0   0   0   0
10   0   0   0   0   0   0   0
11   0   0   0   0   0   0   0
12   0   0   0   0   0   0   0
13   1   0   0   0   0   0   0
14   0   0   0   0   0   0   0
15   0   0   0   0   0   0   0
;

c_kt :=
0 8    0
0 9    0
0 10   0
0 11   0
0 12   0
0 13   0
0 14   0
0 15   1
1 8    0
1 9    0
1 10   0
1 11   1
1 12   0
1 13   0
1 14   0
1 15   0
;

L_t [*] :=
 8  0
 9  0
10  0
11  8.99994
12  0
13  0
14  0
15  1.99981
;

accuratezza = 0.76

fine iterazioneaa = 0.055

obiettivo = 0

Gurobi 9.5.2: timelim=600
Integrality=1
Gurobi 9.5.2: time limit with a feasible solution; objective 0.4292856609
3463392 simplex iterations
14747 branch-and-cut nodes
No basis.
No dual variables returned.
4 integer variables rounded to integers; maxerr = 4.82311e-06
a [*,*]
:         1         2   3   4   5   6   7    :=
1     0             0   0   0   0   0   0
2     0             0   0   0   0   0   0
3     0             0   0   0   0   0   0
4     0             0   0   0   0   0   0
5     0             0   0   0   0   0   0
6     0             0   0   0   0   0   0
7     0.00706199    0   0   0   0   0   0
8     0             0   0   0   0   0   0
9     0             0   0   0   0   0   0
10    0             0   0   0   0   0   0
11    0             0   0   0   0   0   0
12    0             0   0   0   0   0   0
13    0.992938      0   0   0   0   0   0
14    0             0   0   0   0   0   0
15   -2.60209e-17   0   0   0   0   0   0
;

b [*] :=
1  0.00346884
2  0
3  0
4  0
5  0
6  0
7  0
;

d [*] :=
1  1
2  0
3  0
4  0
5  0
6  0
7  0
;

s [*,*]
:    1   2   3   4   5   6   7    :=
1    0   0   0   0   0   0   0
2    0   0   0   0   0   0   0
3    0   0   0   0   0   0   0
4    0   0   0   0   0   0   0
5    0   0   0   0   0   0   0
6    0   0   0   0   0   0   0
7    1   0   0   0   0   0   0
8    0   0   0   0   0   0   0
9    0   0   0   0   0   0   0
10   0   0   0   0   0   0   0
11   0   0   0   0   0   0   0
12   0   0   0   0   0   0   0
13   1   0   0   0   0   0   0
14   0   0   0   0   0   0   0
15   0   0   0   0   0   0   0
;

c_kt :=
0 8    0
0 9    0
0 10   0
0 11   1
0 12   0
0 13   0
0 14   0
0 15   0
1 8    0
1 9    0
1 10   0
1 11   0
1 12   0
1 13   0
1 14   0
1 15   1
;

L_t [*] :=
 8  0
 9  0
10  0
11  2
12  0
13  0
14  0
15  9
;

accuratezza = 0.76

fine iterazioneaa = 0.0575

obiettivo = 0

Gurobi 9.5.2: timelim=600
Integrality=1
Gurobi 9.5.2: time limit with a feasible solution; objective 0.4342857143
4080869 simplex iterations
19663 branch-and-cut nodes
No basis.
No dual variables returned.
4 integer variables rounded to integers; maxerr = 4.93639e-06
a [*,*]
:         1        2   3   4        5         6        7         :=
1     0            0   0   0    0             0   0
2     0            0   0   0    0             0   1.30993e-13
3     0            0   0   0    0             0   0
4     0            0   0   0   -1.69192e-13   0   0
5     0            0   0   0    0             0   0
6     0            0   0   0    0             0   0
7    -0.00702235   0   0   0    0             0   0
8     0            0   0   0    0             0   0
9     0            0   0   0    0             0   0
10    0            0   0   0    0             0   0
11    0            0   0   0    0             0   0
12    0            0   0   0    0             0   0
13   -0.987364     0   0   0    0             0   0
14    0            0   0   0    0             0   0
15    0            0   0   0    0             0   0
;

b [*] :=
1  -0.00339965
2   0
3   0
4   0
5   0
6   0
7   0
;

d [*] :=
1  1
2  0
3  0
4  0
5  0
6  0
7  0
;

s [*,*]
:    1   2   3   4   5   6   7    :=
1    0   0   0   0   0   0   0
2    0   0   0   0   0   0   0
3    0   0   0   0   0   0   0
4    0   0   0   0   0   0   0
5    0   0   0   0   0   0   0
6    0   0   0   0   0   0   0
7    1   0   0   0   0   0   0
8    0   0   0   0   0   0   0
9    0   0   0   0   0   0   0
10   0   0   0   0   0   0   0
11   0   0   0   0   0   0   0
12   0   0   0   0   0   0   0
13   1   0   0   0   0   0   0
14   0   0   0   0   0   0   0
15   0   0   0   0   0   0   0
;

c_kt :=
0 8    0
0 9    0
0 10   0
0 11   0
0 12   0
0 13   0
0 14   0
0 15   1
1 8    0
1 9    0
1 10   0
1 11   1
1 12   0
1 13   0
1 14   0
1 15   0
;

L_t [*] :=
 8  0
 9  0
10  0
11  9
12  0
13  0
14  0
15  2
;

accuratezza = 0.76

fine iterazioneaa = 0.06

obiettivo = 0

Gurobi 9.5.2: timelim=600
Integrality=1
Gurobi 9.5.2: time limit with a feasible solution; objective 0.4392838528
4566146 simplex iterations
20521 branch-and-cut nodes
No basis.
No dual variables returned.
4 integer variables rounded to integers; maxerr = 5.68573e-06
a [*,*]
:         1        2   3   4   5   6   7    :=
1     0            0   0   0   0   0   0
2     0            0   0   0   0   0   0
3     0            0   0   0   0   0   0
4     0            0   0   0   0   0   0
5     0            0   0   0   0   0   0
6     0            0   0   0   0   0   0
7    -0.00706199   0   0   0   0   0   0
8     0            0   0   0   0   0   0
9     0            0   0   0   0   0   0
10    0            0   0   0   0   0   0
11    0            0   0   0   0   0   0
12    0            0   0   0   0   0   0
13   -0.992938     0   0   0   0   0   0
14    0            0   0   0   0   0   0
15    0            0   0   0   0   0   0
;

b [*] :=
1  -0.00341884
2   0
3   0
4   0
5   0
6   0
7   0
;

d [*] :=
1  1
2  0
3  0
4  0
5  0
6  0
7  0
;

s [*,*]
:    1   2   3   4   5   6   7    :=
1    0   0   0   0   0   0   0
2    0   0   0   0   0   0   0
3    0   0   0   0   0   0   0
4    0   0   0   0   0   0   0
5    0   0   0   0   0   0   0
6    0   0   0   0   0   0   0
7    1   0   0   0   0   0   0
8    0   0   0   0   0   0   0
9    0   0   0   0   0   0   0
10   0   0   0   0   0   0   0
11   0   0   0   0   0   0   0
12   0   0   0   0   0   0   0
13   1   0   0   0   0   0   0
14   0   0   0   0   0   0   0
15   0   0   0   0   0   0   0
;

c_kt :=
0 8    0
0 9    0
0 10   0
0 11   0
0 12   0
0 13   0
0 14   0
0 15   1
1 8    0
1 9    0
1 10   0
1 11   1
1 12   0
1 13   0
1 14   0
1 15   0
;

L_t [*] :=
 8  0
 9  0
10  0
11  9
12  0
13  0
14  0
15  1.99993
;

accuratezza = 0.76

fine iterazioneaa = 0.0625

obiettivo = 0

Gurobi 9.5.2: timelim=600
Integrality=1
Gurobi 9.5.2: time limit with a feasible solution; objective 0.4442851095
3600190 simplex iterations
17726 branch-and-cut nodes
No basis.
No dual variables returned.
60 integer variables rounded to integers; maxerr = 7.66349e-06
a [*,*]
:        1        2   3   4        5         6        7          :=
1    0            0   0   0    0             0    0
2    0            0   0   0    0             0    0
3    0            0   0   0    0             0    0
4    0            0   0   0   -1.85812e-13   0    0
5    0            0   0   0    0             0    0
6    0            0   0   0    0             0    0
7    0.00706092   0   0   0    0             0    0
8    0            0   0   0    0             0    0
9    0            0   0   0    0             0    0
10   0            0   0   0    0             0    0
11   0            0   0   0    0             0    0
12   0            0   0   0    0             0    0
13   0.992939     0   0   0    0             0    0
14   0            0   0   0    0             0    0
15   0            0   0   0    0             0   -2.32259e-13
;

b [*] :=
1   0.00346832
2   0
3  -3.90388e-12
4   0
5   0
6   0
7   0
;

d [*] :=
1  1
2  0
3  0
4  0
5  0
6  0
7  0
;

s [*,*]
:    1   2   3   4   5   6   7    :=
1    0   0   0   0   0   0   0
2    0   0   0   0   0   0   0
3    0   0   0   0   0   0   0
4    0   0   0   0   0   0   0
5    0   0   0   0   0   0   0
6    0   0   0   0   0   0   0
7    1   0   0   0   0   0   0
8    0   0   0   0   0   0   0
9    0   0   0   0   0   0   0
10   0   0   0   0   0   0   0
11   0   0   0   0   0   0   0
12   0   0   0   0   0   0   0
13   1   0   0   0   0   0   0
14   0   0   0   0   0   0   0
15   0   0   0   0   0   0   0
;

c_kt :=
0 8    0
0 9    0
0 10   0
0 11   1
0 12   0
0 13   0
0 14   0
0 15   0
1 8    0
1 9    0
1 10   0
1 11   0
1 12   0
1 13   0
1 14   0
1 15   1
;

L_t [*] :=
 8  0
 9  0
10  0
11  1.99998
12  0
13  0
14  0
15  9
;

accuratezza = 0.76

fine iterazioneaa = 0.065

obiettivo = 0

Gurobi 9.5.2: timelim=600
Integrality=1
Gurobi 9.5.2: time limit with a feasible solution; objective 0.449285212
3233943 simplex iterations
16618 branch-and-cut nodes
No basis.
No dual variables returned.
4 integer variables rounded to integers; maxerr = 7.92787e-06
a [*,*]
:        1        2   3   4   5   6   7    :=
1    0            0   0   0   0   0   0
2    0            0   0   0   0   0   0
3    0            0   0   0   0   0   0
4    0            0   0   0   0   0   0
5    0            0   0   0   0   0   0
6    0            0   0   0   0   0   0
7    0.00706199   0   0   0   0   0   0
8    0            0   0   0   0   0   0
9    0            0   0   0   0   0   0
10   0            0   0   0   0   0   0
11   0            0   0   0   0   0   0
12   0            0   0   0   0   0   0
13   0.992938     0   0   0   0   0   0
14   0            0   0   0   0   0   0
15   0            0   0   0   0   0   0
;

b [*] :=
1  0.00346884
2  0
3  0
4  0
5  0
6  0
7  0
;

d [*] :=
1  1
2  0
3  0
4  0
5  0
6  0
7  0
;

s [*,*]
:    1   2   3   4   5   6   7    :=
1    0   0   0   0   0   0   0
2    0   0   0   0   0   0   0
3    0   0   0   0   0   0   0
4    0   0   0   0   0   0   0
5    0   0   0   0   0   0   0
6    0   0   0   0   0   0   0
7    1   0   0   0   0   0   0
8    0   0   0   0   0   0   0
9    0   0   0   0   0   0   0
10   0   0   0   0   0   0   0
11   0   0   0   0   0   0   0
12   0   0   0   0   0   0   0
13   1   0   0   0   0   0   0
14   0   0   0   0   0   0   0
15   0   0   0   0   0   0   0
;

c_kt :=
0 8    0
0 9    0
0 10   0
0 11   1
0 12   0
0 13   0
0 14   0
0 15   0
1 8    0
1 9    0
1 10   0
1 11   0
1 12   0
1 13   0
1 14   0
1 15   1
;

L_t [*] :=
 8  0
 9  0
10  0
11  1.99998
12  0
13  0
14  0
15  9
;

accuratezza = 0.76

fine iterazioneaa = 0.0675

obiettivo = 0

Gurobi 9.5.2: timelim=600
Integrality=1
Gurobi 9.5.2: time limit with a feasible solution; objective 0.4542857142
4172665 simplex iterations
20214 branch-and-cut nodes
No basis.
No dual variables returned.
4 integer variables rounded to integers; maxerr = 9.37522e-06
a [*,*]
:        1        2   3   4   5   6   7    :=
1    0            0   0   0   0   0   0
2    0            0   0   0   0   0   0
3    0            0   0   0   0   0   0
4    0            0   0   0   0   0   0
5    0            0   0   0   0   0   0
6    0            0   0   0   0   0   0
7    0.00706199   0   0   0   0   0   0
8    0            0   0   0   0   0   0
9    0            0   0   0   0   0   0
10   0            0   0   0   0   0   0
11   0            0   0   0   0   0   0
12   0            0   0   0   0   0   0
13   0.992938     0   0   0   0   0   0
14   0            0   0   0   0   0   0
15   0            0   0   0   0   0   0
;

b [*] :=
1  0.00346884
2  0
3  0
4  0
5  0
6  0
7  0
;

d [*] :=
1  1
2  0
3  0
4  0
5  0
6  0
7  0
;

s [*,*]
:    1   2   3   4   5   6   7    :=
1    0   0   0   0   0   0   0
2    0   0   0   0   0   0   0
3    0   0   0   0   0   0   0
4    0   0   0   0   0   0   0
5    0   0   0   0   0   0   0
6    0   0   0   0   0   0   0
7    1   0   0   0   0   0   0
8    0   0   0   0   0   0   0
9    0   0   0   0   0   0   0
10   0   0   0   0   0   0   0
11   0   0   0   0   0   0   0
12   0   0   0   0   0   0   0
13   1   0   0   0   0   0   0
14   0   0   0   0   0   0   0
15   0   0   0   0   0   0   0
;

c_kt :=
0 8    0
0 9    0
0 10   0
0 11   1
0 12   0
0 13   0
0 14   0
0 15   0
1 8    0
1 9    0
1 10   0
1 11   0
1 12   0
1 13   0
1 14   0
1 15   1
;

L_t [*] :=
 8  0
 9  0
10  0
11  2.00001
12  0
13  0
14  0
15  8.99999
;

accuratezza = 0.76

fine iterazioneaa = 0.07

obiettivo = 0

Gurobi 9.5.2: timelim=600
Integrality=1
Gurobi 9.5.2: time limit with a feasible solution; objective 0.4592856042
4166092 simplex iterations
25224 branch-and-cut nodes
No basis.
No dual variables returned.
4 integer variables rounded to integers; maxerr = 4.82271e-06
a [*,*]
:         1             2         3   4   5   6   7    :=
1     0             0             0   0   0   0   0
2     0             0             0   0   0   0   0
3     0             0             0   0   0   0   0
4     0             0             0   0   0   0   0
5     0             0             0   0   0   0   0
6     0             0             0   0   0   0   0
7    -0.00706199    0             0   0   0   0   0
8     0             0             0   0   0   0   0
9     0             0             0   0   0   0   0
10    0             0             0   0   0   0   0
11    0             0             0   0   0   0   0
12    0             0             0   0   0   0   0
13   -0.992938      0             0   0   0   0   0
14    0            -3.24185e-13   0   0   0   0   0
15    0             0             0   0   0   0   0
;

b [*] :=
1  -0.00341884
2   0
3   0
4   0
5   0
6   0
7   0
;

d [*] :=
1  1
2  0
3  0
4  0
5  0
6  0
7  0
;

s [*,*]
:    1   2   3   4   5   6   7    :=
1    0   0   0   0   0   0   0
2    0   0   0   0   0   0   0
3    0   0   0   0   0   0   0
4    0   0   0   0   0   0   0
5    0   0   0   0   0   0   0
6    0   0   0   0   0   0   0
7    1   0   0   0   0   0   0
8    0   0   0   0   0   0   0
9    0   0   0   0   0   0   0
10   0   0   0   0   0   0   0
11   0   0   0   0   0   0   0
12   0   0   0   0   0   0   0
13   1   0   0   0   0   0   0
14   0   0   0   0   0   0   0
15   0   0   0   0   0   0   0
;

c_kt :=
0 8    0
0 9    0
0 10   0
0 11   0
0 12   0
0 13   0
0 14   0
0 15   1
1 8    0
1 9    0
1 10   0
1 11   1
1 12   0
1 13   0
1 14   0
1 15   0
;

L_t [*] :=
 8  0
 9  0
10  0
11  9
12  0
13  0
14  0
15  2
;

accuratezza = 0.76

fine iterazioneaa = 0.0725

obiettivo = 0

Gurobi 9.5.2: timelim=600
Integrality=1
Gurobi 9.5.2: time limit with a feasible solution; objective 0.4642855084
4844659 simplex iterations
21380 branch-and-cut nodes
No basis.
No dual variables returned.
4 integer variables rounded to integers; maxerr = 5.93629e-06
a [*,*]
:         1        2   3   4   5   6   7    :=
1     0            0   0   0   0   0   0
2     0            0   0   0   0   0   0
3     0            0   0   0   0   0   0
4     0            0   0   0   0   0   0
5     0            0   0   0   0   0   0
6     0            0   0   0   0   0   0
7    -0.00706199   0   0   0   0   0   0
8     0            0   0   0   0   0   0
9     0            0   0   0   0   0   0
10    0            0   0   0   0   0   0
11    0            0   0   0   0   0   0
12    0            0   0   0   0   0   0
13   -0.992938     0   0   0   0   0   0
14    0            0   0   0   0   0   0
15    0            0   0   0   0   0   0
;

b [*] :=
1  -0.00341884
2   0
3   0
4   0
5   0
6   0
7   0
;

d [*] :=
1  1
2  0
3  0
4  0
5  0
6  0
7  0
;

s [*,*]
:    1   2   3   4   5   6   7    :=
1    0   0   0   0   0   0   0
2    0   0   0   0   0   0   0
3    0   0   0   0   0   0   0
4    0   0   0   0   0   0   0
5    0   0   0   0   0   0   0
6    0   0   0   0   0   0   0
7    1   0   0   0   0   0   0
8    0   0   0   0   0   0   0
9    0   0   0   0   0   0   0
10   0   0   0   0   0   0   0
11   0   0   0   0   0   0   0
12   0   0   0   0   0   0   0
13   1   0   0   0   0   0   0
14   0   0   0   0   0   0   0
15   0   0   0   0   0   0   0
;

c_kt :=
0 8    0
0 9    0
0 10   0
0 11   0
0 12   0
0 13   0
0 14   0
0 15   1
1 8    0
1 9    0
1 10   0
1 11   1
1 12   0
1 13   0
1 14   0
1 15   0
;

L_t [*] :=
 8  0
 9  0
10  0
11  9
12  0
13  0
14  0
15  1.99999
;

accuratezza = 0.76

fine iterazioneaa = 0.075

obiettivo = 0

Gurobi 9.5.2: timelim=600
Integrality=1
Gurobi 9.5.2: time limit with a feasible solution; objective 0.4692858521
5382858 simplex iterations
21062 branch-and-cut nodes
No basis.
No dual variables returned.
2 integer variables rounded to integers; maxerr = 4.82325e-06
a [*,*]
:        1             2             3             4        5        6        7 :=
1    0            0             0             0             0   0             0
2    0            2.32342e-13   2.32342e-13   2.29367e-13   0   2.29367e-13   0
3    0            0             0             0             0   0             0
4    0            0             0             0             0   0             0
5    0            0             0             0             0   0             0
6    0            0             0             0             0   0             0
7    0.00706199   0             0             0             0   0             0
8    0            0             0             0             0   0             0
9    0            0             0             0             0   0             0
10   0            0             0             0             0   0             0
11   0            0             0             0             0   0             0
12   0            0             0             0             0   0             0
13   0.992938     0             0             0             0   0             0
14   0            0             0             0             0   0             0
15   0            0             0             0             0   0             0
;

b [*] :=
1  0.00346884
2  0
3  0
4  0
5  0
6  0
7  0
;

d [*] :=
1  1
2  0
3  0
4  0
5  0
6  0
7  0
;

s [*,*]
:    1   2   3   4   5   6   7    :=
1    0   0   0   0   0   0   0
2    0   0   0   0   0   0   0
3    0   0   0   0   0   0   0
4    0   0   0   0   0   0   0
5    0   0   0   0   0   0   0
6    0   0   0   0   0   0   0
7    1   0   0   0   0   0   0
8    0   0   0   0   0   0   0
9    0   0   0   0   0   0   0
10   0   0   0   0   0   0   0
11   0   0   0   0   0   0   0
12   0   0   0   0   0   0   0
13   1   0   0   0   0   0   0
14   0   0   0   0   0   0   0
15   0   0   0   0   0   0   0
;

c_kt :=
0 8    0
0 9    0
0 10   0
0 11   1
0 12   0
0 13   0
0 14   0
0 15   0
1 8    0
1 9    0
1 10   0
1 11   0
1 12   0
1 13   0
1 14   0
1 15   1
;

L_t [*] :=
 8  0
 9  0
10  0
11  2
12  0
13  0
14  0
15  9
;

accuratezza = 0.76

fine iterazioneaa = 0.0775

obiettivo = 0

Gurobi 9.5.2: timelim=600
Integrality=1
Gurobi 9.5.2: time limit with a feasible solution; objective 0.4742853319
4436533 simplex iterations
22553 branch-and-cut nodes
No basis.
No dual variables returned.
6 integer variables rounded to integers; maxerr = 6.88613e-06
a [*,*]
:         1        2   3        4        5        6        7    :=
1     0            0   0   0             0   0             0
2     0            0   0   2.29962e-13   0   2.29962e-13   0
3     0            0   0   0             0   0             0
4     0            0   0   0             0   0             0
5     0            0   0   0             0   0             0
6     0            0   0   0             0   0             0
7    -0.00706199   0   0   0             0   0             0
8     0            0   0   0             0   0             0
9     0            0   0   0             0   0             0
10    0            0   0   0             0   0             0
11    0            0   0   0             0   0             0
12    0            0   0   0             0   0             0
13   -0.992938     0   0   0             0   0             0
14    0            0   0   0             0   0             0
15    0            0   0   0             0   0             0
;

b [*] :=
1  -0.00341884
2   0
3   0
4   0
5   0
6   0
7   0
;

d [*] :=
1  1
2  0
3  0
4  0
5  0
6  0
7  0
;

s [*,*]
:    1   2   3   4   5   6   7    :=
1    0   0   0   0   0   0   0
2    0   0   0   0   0   0   0
3    0   0   0   0   0   0   0
4    0   0   0   0   0   0   0
5    0   0   0   0   0   0   0
6    0   0   0   0   0   0   0
7    1   0   0   0   0   0   0
8    0   0   0   0   0   0   0
9    0   0   0   0   0   0   0
10   0   0   0   0   0   0   0
11   0   0   0   0   0   0   0
12   0   0   0   0   0   0   0
13   1   0   0   0   0   0   0
14   0   0   0   0   0   0   0
15   0   0   0   0   0   0   0
;

c_kt :=
0 8    0
0 9    0
0 10   0
0 11   0
0 12   0
0 13   0
0 14   0
0 15   1
1 8    0
1 9    0
1 10   0
1 11   1
1 12   0
1 13   0
1 14   0
1 15   0
;

L_t [*] :=
 8  0
 9  0
10  0
11  9
12  0
13  0
14  0
15  1.99999
;

accuratezza = 0.76

fine iterazioneaa = 0.08

obiettivo = 0

Gurobi 9.5.2: timelim=600
Integrality=1
Gurobi 9.5.2: time limit with a feasible solution; objective 0.4792857143
3944482 simplex iterations
24217 branch-and-cut nodes
No basis.
No dual variables returned.
4 integer variables rounded to integers; maxerr = 4.82321e-06
a [*,*]
:        1             2             3             4             5         6 :=
1    0            0             0             0              0             0
2    0            2.32342e-13   2.32342e-13   2.29367e-13    0             0
3    0            0             0             0              0             0
4    0            0             0             0             -1.83269e-13   0
5    0            0             0             0              0             0
6    0            0             0             0              0             0
7    0.00706199   0             0             0              0             0
8    0            0             0             0              0             0
9    0            0             0             0              0             0
10   0            0             0             0              0             0
11   0            0             0             0              0             0
12   0            0             0             0              0             0
13   0.992938     0             0             0              0             0
14   0            0             0             0              0             0
15   0            0             0             0              0             0

:    7    :=
1    0
2    0
3    0
4    0
5    0
6    0
7    0
8    0
9    0
10   0
11   0
12   0
13   0
14   0
15   0
;

b [*] :=
1  0.00346884
2  0
3  0
4  0
5  0
6  0
7  0
;

d [*] :=
1  1
2  0
3  0
4  0
5  0
6  0
7  0
;

s [*,*]
:    1   2   3   4   5   6   7    :=
1    0   0   0   0   0   0   0
2    0   0   0   0   0   0   0
3    0   0   0   0   0   0   0
4    0   0   0   0   0   0   0
5    0   0   0   0   0   0   0
6    0   0   0   0   0   0   0
7    1   0   0   0   0   0   0
8    0   0   0   0   0   0   0
9    0   0   0   0   0   0   0
10   0   0   0   0   0   0   0
11   0   0   0   0   0   0   0
12   0   0   0   0   0   0   0
13   1   0   0   0   0   0   0
14   0   0   0   0   0   0   0
15   0   0   0   0   0   0   0
;

c_kt :=
0 8    0
0 9    0
0 10   0
0 11   1
0 12   0
0 13   0
0 14   0
0 15   0
1 8    0
1 9    0
1 10   0
1 11   0
1 12   0
1 13   0
1 14   0
1 15   1
;

L_t [*] :=
 8  0
 9  0
10  0
11  2
12  0
13  0
14  0
15  9
;

accuratezza = 0.76

fine iterazioneaa = 0.0825

obiettivo = 0

Gurobi 9.5.2: timelim=600
Integrality=1
Gurobi 9.5.2: time limit with a feasible solution; objective 0.4842854798
5728000 simplex iterations
19387 branch-and-cut nodes
No basis.
No dual variables returned.
4 integer variables rounded to integers; maxerr = 4.82304e-06
a [*,*]
:        1        2   3   4   5   6   7    :=
1    0            0   0   0   0   0   0
2    0            0   0   0   0   0   0
3    0            0   0   0   0   0   0
4    0            0   0   0   0   0   0
5    0            0   0   0   0   0   0
6    0            0   0   0   0   0   0
7    0.00706199   0   0   0   0   0   0
8    0            0   0   0   0   0   0
9    0            0   0   0   0   0   0
10   0            0   0   0   0   0   0
11   0            0   0   0   0   0   0
12   0            0   0   0   0   0   0
13   0.992938     0   0   0   0   0   0
14   0            0   0   0   0   0   0
15   0            0   0   0   0   0   0
;

b [*] :=
1  0.00346884
2  0
3  0
4  0
5  0
6  0
7  0
;

d [*] :=
1  1
2  0
3  0
4  0
5  0
6  0
7  0
;

s [*,*]
:    1   2   3   4   5   6   7    :=
1    0   0   0   0   0   0   0
2    0   0   0   0   0   0   0
3    0   0   0   0   0   0   0
4    0   0   0   0   0   0   0
5    0   0   0   0   0   0   0
6    0   0   0   0   0   0   0
7    1   0   0   0   0   0   0
8    0   0   0   0   0   0   0
9    0   0   0   0   0   0   0
10   0   0   0   0   0   0   0
11   0   0   0   0   0   0   0
12   0   0   0   0   0   0   0
13   1   0   0   0   0   0   0
14   0   0   0   0   0   0   0
15   0   0   0   0   0   0   0
;

c_kt :=
0 8    0
0 9    0
0 10   0
0 11   1
0 12   0
0 13   0
0 14   0
0 15   0
1 8    0
1 9    0
1 10   0
1 11   0
1 12   0
1 13   0
1 14   0
1 15   1
;

L_t [*] :=
 8  0
 9  0
10  0
11  1.99999
12  0
13  0
14  0
15  9
;

accuratezza = 0.76

fine iterazioneaa = 0.085

obiettivo = 0

Gurobi 9.5.2: timelim=600
Integrality=1
Gurobi 9.5.2: time limit with a feasible solution; objective 0.489285548
3956454 simplex iterations
23134 branch-and-cut nodes
No basis.
No dual variables returned.
6 integer variables rounded to integers; maxerr = 4.82304e-06
a [*,*]
:        1             2        3   4   5        6        7    :=
1    0            0             0   0   0   0             0
2    0            0             0   0   0   2.27279e-13   0
3    0            0             0   0   0   0             0
4    0            0             0   0   0   0             0
5    0            0             0   0   0   0             0
6    0            0             0   0   0   0             0
7    0.00706199   0             0   0   0   0             0
8    0            0             0   0   0   0             0
9    0            0             0   0   0   0             0
10   0            0             0   0   0   0             0
11   0            0             0   0   0   0             0
12   0            0             0   0   0   0             0
13   0.992938     0             0   0   0   0             0
14   0            0             0   0   0   0             0
15   0            5.52692e-09   0   0   0   0             0
;

b [*] :=
1  0.00346884
2  0
3  0
4  0
5  0
6  0
7  0
;

d [*] :=
1  1
2  0
3  0
4  0
5  0
6  0
7  0
;

s [*,*]
:    1   2   3   4   5   6   7    :=
1    0   0   0   0   0   0   0
2    0   0   0   0   0   0   0
3    0   0   0   0   0   0   0
4    0   0   0   0   0   0   0
5    0   0   0   0   0   0   0
6    0   0   0   0   0   0   0
7    1   0   0   0   0   0   0
8    0   0   0   0   0   0   0
9    0   0   0   0   0   0   0
10   0   0   0   0   0   0   0
11   0   0   0   0   0   0   0
12   0   0   0   0   0   0   0
13   1   0   0   0   0   0   0
14   0   0   0   0   0   0   0
15   0   0   0   0   0   0   0
;

c_kt :=
0 8    0
0 9    0
0 10   0
0 11   1
0 12   0
0 13   0
0 14   0
0 15   0
1 8    0
1 9    0
1 10   0
1 11   0
1 12   0
1 13   0
1 14   0
1 15   1
;

L_t [*] :=
 8  0
 9  0
10  0
11  1.99999
12  0
13  0
14  0
15  9
;

accuratezza = 0.76

fine iterazioneaa = 0.08750000000000001

obiettivo = 0

Gurobi 9.5.2: timelim=600
Integrality=1
Gurobi 9.5.2: time limit with a feasible solution; objective 0.4942858521
3070500 simplex iterations
15760 branch-and-cut nodes
No basis.
No dual variables returned.
2 integer variables rounded to integers; maxerr = 4.82317e-06
a [*,*]
:        1        2   3   4   5   6   7    :=
1    0            0   0   0   0   0   0
2    0            0   0   0   0   0   0
3    0            0   0   0   0   0   0
4    0            0   0   0   0   0   0
5    0            0   0   0   0   0   0
6    0            0   0   0   0   0   0
7    0.00706199   0   0   0   0   0   0
8    0            0   0   0   0   0   0
9    0            0   0   0   0   0   0
10   0            0   0   0   0   0   0
11   0            0   0   0   0   0   0
12   0            0   0   0   0   0   0
13   0.992938     0   0   0   0   0   0
14   0            0   0   0   0   0   0
15   0            0   0   0   0   0   0
;

b [*] :=
1  0.00346884
2  0
3  0
4  0
5  0
6  0
7  0
;

d [*] :=
1  1
2  0
3  0
4  0
5  0
6  0
7  0
;

s [*,*]
:    1   2   3   4   5   6   7    :=
1    0   0   0   0   0   0   0
2    0   0   0   0   0   0   0
3    0   0   0   0   0   0   0
4    0   0   0   0   0   0   0
5    0   0   0   0   0   0   0
6    0   0   0   0   0   0   0
7    1   0   0   0   0   0   0
8    0   0   0   0   0   0   0
9    0   0   0   0   0   0   0
10   0   0   0   0   0   0   0
11   0   0   0   0   0   0   0
12   0   0   0   0   0   0   0
13   1   0   0   0   0   0   0
14   0   0   0   0   0   0   0
15   0   0   0   0   0   0   0
;

c_kt :=
0 8    0
0 9    0
0 10   0
0 11   1
0 12   0
0 13   0
0 14   0
0 15   0
1 8    0
1 9    0
1 10   0
1 11   0
1 12   0
1 13   0
1 14   0
1 15   1
;

L_t [*] :=
 8  0
 9  0
10  0
11  2
12  0
13  0
14  0
15  9
;

accuratezza = 0.76

fine iterazioneaa = 0.09

obiettivo = 0

Gurobi 9.5.2: timelim=600
Integrality=1
Gurobi 9.5.2: time limit with a feasible solution; objective 0.5210713441
5027752 simplex iterations
19830 branch-and-cut nodes
No basis.
No dual variables returned.
6 integer variables rounded to integers; maxerr = 9.96749e-07
a [*,*]
:    1   2   3   4   5        6              7          :=
1    0   0   0   0   0    0              0
2    0   0   0   0   0    0              0
3    0   0   0   0   0    0             -1.38474e-13
4    0   0   0   0   0    0              0
5    0   0   0   0   0    0              0
6    0   0   0   0   0    0              0
7    0   0   0   0   0   -1.26264e-12    0
8    0   0   0   0   0    0              0
9    0   0   0   0   0    0              0
10   0   0   0   0   0    0              0
11   0   0   0   0   0    0              0
12   0   0   0   0   0    0              0
13   1   0   0   0   0    0              0
14   0   0   0   0   0    0              0
15   0   0   0   0   0    0              0
;

b [*] :=
1  0.00298026
2  0
3  0
4  0
5  0
6  0
7  0
;

d [*] :=
1  1
2  0
3  0
4  0
5  0
6  0
7  0
;

s [*,*]
:    1   2   3   4   5   6   7    :=
1    0   0   0   0   0   0   0
2    0   0   0   0   0   0   0
3    0   0   0   0   0   0   0
4    0   0   0   0   0   0   0
5    0   0   0   0   0   0   0
6    0   0   0   0   0   0   0
7    0   0   0   0   0   0   0
8    0   0   0   0   0   0   0
9    0   0   0   0   0   0   0
10   0   0   0   0   0   0   0
11   0   0   0   0   0   0   0
12   0   0   0   0   0   0   0
13   1   0   0   0   0   0   0
14   0   0   0   0   0   0   0
15   0   0   0   0   0   0   0
;

c_kt :=
0 8    0
0 9    0
0 10   0
0 11   1
0 12   0
0 13   0
0 14   0
0 15   0
1 8    0
1 9    0
1 10   0
1 11   0
1 12   0
1 13   0
1 14   0
1 15   1
;

L_t [*] :=
 8  0
 9  0
10  0
11  7
12  0
13  0
14  0
15  8
;

accuratezza = 0.8

fine iterazioneaa = 0.0925

obiettivo = 0

Gurobi 9.5.2: timelim=600
Integrality=1
Gurobi 9.5.2: time limit with a feasible solution; objective 0.5235714286
3697436 simplex iterations
28457 branch-and-cut nodes
No basis.
No dual variables returned.
a [*,*]
:    1    2   3   4   5   6   7    :=
1     0   0   0   0   0   0   0
2     0   0   0   0   0   0   0
3     0   0   0   0   0   0   0
4     0   0   0   0   0   0   0
5     0   0   0   0   0   0   0
6     0   0   0   0   0   0   0
7     0   0   0   0   0   0   0
8     0   0   0   0   0   0   0
9     0   0   0   0   0   0   0
10    0   0   0   0   0   0   0
11    0   0   0   0   0   0   0
12    0   0   0   0   0   0   0
13   -1   0   0   0   0   0   0
14    0   0   0   0   0   0   0
15    0   0   0   0   0   0   0
;

b [*] :=
1  -0.00293026
2   0
3   0
4   0
5   0
6   0
7   0
;

d [*] :=
1  1
2  0
3  0
4  0
5  0
6  0
7  0
;

s [*,*]
:    1   2   3   4   5   6   7    :=
1    0   0   0   0   0   0   0
2    0   0   0   0   0   0   0
3    0   0   0   0   0   0   0
4    0   0   0   0   0   0   0
5    0   0   0   0   0   0   0
6    0   0   0   0   0   0   0
7    0   0   0   0   0   0   0
8    0   0   0   0   0   0   0
9    0   0   0   0   0   0   0
10   0   0   0   0   0   0   0
11   0   0   0   0   0   0   0
12   0   0   0   0   0   0   0
13   1   0   0   0   0   0   0
14   0   0   0   0   0   0   0
15   0   0   0   0   0   0   0
;

c_kt :=
0 8    0
0 9    0
0 10   0
0 11   0
0 12   0
0 13   0
0 14   0
0 15   1
1 8    0
1 9    0
1 10   0
1 11   1
1 12   0
1 13   0
1 14   0
1 15   0
;

L_t [*] :=
 8  0
 9  0
10  0
11  8
12  0
13  0
14  0
15  7
;

accuratezza = 0.8

fine iterazioneaa = 0.095

obiettivo = 0

Gurobi 9.5.2: timelim=600
Integrality=1
Gurobi 9.5.2: time limit with a feasible solution; objective 0.5260714286
4307798 simplex iterations
19391 branch-and-cut nodes
No basis.
No dual variables returned.
a [*,*]
:    1   2   3   4   5   6   7    :=
1    0   0   0   0   0   0   0
2    0   0   0   0   0   0   0
3    0   0   0   0   0   0   0
4    0   0   0   0   0   0   0
5    0   0   0   0   0   0   0
6    0   0   0   0   0   0   0
7    0   0   0   0   0   0   0
8    0   0   0   0   0   0   0
9    0   0   0   0   0   0   0
10   0   0   0   0   0   0   0
11   0   0   0   0   0   0   0
12   0   0   0   0   0   0   0
13   1   0   0   0   0   0   0
14   0   0   0   0   0   0   0
15   0   0   0   0   0   0   0
;

b [*] :=
1  0.00298026
2  0
3  0
4  0
5  0
6  0
7  0
;

d [*] :=
1  1
2  0
3  0
4  0
5  0
6  0
7  0
;

s [*,*]
:    1   2   3   4   5   6   7    :=
1    0   0   0   0   0   0   0
2    0   0   0   0   0   0   0
3    0   0   0   0   0   0   0
4    0   0   0   0   0   0   0
5    0   0   0   0   0   0   0
6    0   0   0   0   0   0   0
7    0   0   0   0   0   0   0
8    0   0   0   0   0   0   0
9    0   0   0   0   0   0   0
10   0   0   0   0   0   0   0
11   0   0   0   0   0   0   0
12   0   0   0   0   0   0   0
13   1   0   0   0   0   0   0
14   0   0   0   0   0   0   0
15   0   0   0   0   0   0   0
;

c_kt :=
0 8    0
0 9    0
0 10   0
0 11   1
0 12   0
0 13   0
0 14   0
0 15   0
1 8    0
1 9    0
1 10   0
1 11   0
1 12   0
1 13   0
1 14   0
1 15   1
;

L_t [*] :=
 8  0
 9  0
10  0
11  7
12  0
13  0
14  0
15  8
;

accuratezza = 0.8

fine iterazioneaa = 0.0975

obiettivo = 0

Gurobi 9.5.2: timelim=600
Integrality=1
Gurobi 9.5.2: time limit with a feasible solution; objective 0.5142855604
4370340 simplex iterations
18939 branch-and-cut nodes
No basis.
No dual variables returned.
4 integer variables rounded to integers; maxerr = 6.15078e-06
a [*,*]
:        1             2        3   4   5   6   7    :=
1    0            0             0   0   0   0   0
2    0            0             0   0   0   0   0
3    0            0             0   0   0   0   0
4    0            0             0   0   0   0   0
5    0            0             0   0   0   0   0
6    0            0             0   0   0   0   0
7    0.00706199   2.83622e-13   0   0   0   0   0
8    0            0             0   0   0   0   0
9    0            0             0   0   0   0   0
10   0            0             0   0   0   0   0
11   0            0             0   0   0   0   0
12   0            0             0   0   0   0   0
13   0.992938     0             0   0   0   0   0
14   0            0             0   0   0   0   0
15   0            0             0   0   0   0   0
;

b [*] :=
1  0.00346884
2  0
3  0
4  0
5  0
6  0
7  0
;

d [*] :=
1  1
2  0
3  0
4  0
5  0
6  0
7  0
;

s [*,*]
:    1   2   3   4   5   6   7    :=
1    0   0   0   0   0   0   0
2    0   0   0   0   0   0   0
3    0   0   0   0   0   0   0
4    0   0   0   0   0   0   0
5    0   0   0   0   0   0   0
6    0   0   0   0   0   0   0
7    1   0   0   0   0   0   0
8    0   0   0   0   0   0   0
9    0   0   0   0   0   0   0
10   0   0   0   0   0   0   0
11   0   0   0   0   0   0   0
12   0   0   0   0   0   0   0
13   1   0   0   0   0   0   0
14   0   0   0   0   0   0   0
15   0   0   0   0   0   0   0
;

c_kt :=
0 8    0
0 9    0
0 10   0
0 11   1
0 12   0
0 13   0
0 14   0
0 15   0
1 8    0
1 9    0
1 10   0
1 11   0
1 12   0
1 13   0
1 14   0
1 15   1
;

L_t [*] :=
 8  0
 9  0
10  0
11  1.99999
12  0
13  0
14  0
15  9
;

accuratezza = 0.76

fine iterazioneaa = 0.1

obiettivo = 0

obj_ottimo = 0

alpha_ottimo = 0

ampl: display sol;
sol [*,*] (tr)
:       1         2         3        :=
1    0          0        0.746667
2    0.0325     0.0025   0.746667
3    0.065      0.005    0.746667
4    0.147143   0.0075   0.706667
5    0.177143   0.01     0.64
6    0.207143   0.0125   0.64
7    0.237143   0.015    0.666667
8    0.249643   0.0175   0.693333
9    0.297143   0.02     0.68
10   0.322857   0.0225   0.733333
11   0.253571   0.025    0.64
12   0.304643   0.0275   0.76
13   0.378571   0.03     0.706667
14   0.3625     0.0325   0.8
15   0.375      0.035    0.773333
16   0.321429   0.0375   0.693333
17   0.394286   0.04     0.76
18   0.4125     0.0425   0.813333
19   0.420714   0.045    0.826667
20   0.409286   0.0475   0.76
21   0.414286   0.05     0.76
22   0.419285   0.0525   0.76
23   0.424279   0.055    0.76
24   0.429286   0.0575   0.76
25   0.434286   0.06     0.76
26   0.439284   0.0625   0.76
27   0.444285   0.065    0.76
28   0.449285   0.0675   0.76
29   0.454286   0.07     0.76
30   0.459286   0.0725   0.76
31   0.464286   0.075    0.76
32   0.469286   0.0775   0.76
33   0.474285   0.08     0.76
34   0.479286   0.0825   0.76
35   0.484285   0.085    0.76
36   0.489286   0.0875   0.76
37   0.494286   0.09     0.76
38   0.521071   0.0925   0.8
39   0.523571   0.095    0.8
40   0.526071   0.0975   0.8
41   0.514286   0.1      0.76
;

ampl: 