[0.20633675 0.         0.         0.         0.         0.
 0.         0.         0.         0.         0.         0.
 0.         0.         0.        ][0.20633675 0.18703069 0.         0.         0.         0.
 0.         0.         0.         0.         0.         0.
 0.         0.         0.        ][0.20633675 0.18703069 0.47813016 0.         0.         0.
 0.         0.         0.         0.         0.         0.
 0.         0.         0.        ][0.20633675 0.18703069 0.47813016 0.42591771 0.         0.
 0.         0.         0.         0.         0.         0.
 0.         0.         0.        ][0.20633675 0.18703069 0.47813016 0.42591771 0.31980025 0.
 0.         0.         0.         0.         0.         0.
 0.         0.         0.        ][0.20633675 0.18703069 0.47813016 0.42591771 0.31980025 0.25179259
 0.         0.         0.         0.         0.         0.
 0.         0.         0.        ][0.20633675 0.18703069 0.47813016 0.42591771 0.31980025 0.25179259
 0.18463484 0.         0.         0.         0.         0.
 0.         0.         0.        ][0.20633675 0.18703069 0.47813016 0.42591771 0.31980025 0.25179259
 0.18463484 0.23300302 0.         0.         0.         0.
 0.         0.         0.        ][0.20633675 0.18703069 0.47813016 0.42591771 0.31980025 0.25179259
 0.18463484 0.23300302 0.12017795 0.         0.         0.
 0.         0.         0.        ][0.20633675 0.18703069 0.47813016 0.42591771 0.31980025 0.25179259
 0.18463484 0.23300302 0.12017795 0.19630355 0.         0.
 0.         0.         0.        ][0.20633675 0.18703069 0.47813016 0.42591771 0.31980025 0.25179259
 0.18463484 0.23300302 0.12017795 0.19630355 0.11998832 0.
 0.         0.         0.        ][0.20633675 0.18703069 0.47813016 0.42591771 0.31980025 0.25179259
 0.18463484 0.23300302 0.12017795 0.19630355 0.11998832 0.23675884
 0.         0.         0.        ][0.20633675 0.18703069 0.47813016 0.42591771 0.31980025 0.25179259
 0.18463484 0.23300302 0.12017795 0.19630355 0.11998832 0.23675884
 0.10177627 0.         0.        ][0.20633675 0.18703069 0.47813016 0.42591771 0.31980025 0.25179259
 0.18463484 0.23300302 0.12017795 0.19630355 0.11998832 0.23675884
 0.10177627 0.19336507 0.        ][0.20633675 0.18703069 0.47813016 0.42591771 0.31980025 0.25179259
 0.18463484 0.23300302 0.12017795 0.19630355 0.11998832 0.23675884
 0.10177627 0.19336507 0.17763571]