sol [*,*] (tr)
:      obiettivo   D    C    N_min:=
1      0.521739    3    1    4
2      0.521739    3    1    5
3      0.521739    3    1    6
4      0.521739    3    1    7
5      0.521739    3    1    8
6      0.521739    3    1    9
7      0.521739    3    1   10
8      0.521739    3    1   11
9      0.521739    3    1   12
10     0.521739    3    1   13
11     0.521739    3    1   14
12     0.521739    3    1   15
13     0.521739    3    1   16
14     0.521739    3    1   17
15     0.521739    3    1   18
16     0.521739    3    1   19
17     0.521739    3    1   20
18     0.304348    3    2    4
19     0.304348    3    2    5
20     0.304348    3    2    6
21     0.304348    3    2    7
22     0.304348    3    2    8
23     0.304348    3    2    9
24     0.304348    3    2   10
25     0.304348    3    2   11
26     0.304348    3    2   12
27     0.304348    3    2   13
28     0.304348    3    2   14
29     0.304348    3    2   15
30     0.304348    3    2   16
31     0.304348    3    2   17
32     0.304348    3    2   18
33     0.304348    3    2   19
34     0.304348    3    2   20
35     0.173913    3    3    4
36     0.173913    3    3    5
37     0.173913    3    3    6
38     0.173913    3    3    7
39     0.173913    3    3    8
40     0.173913    3    3    9
41     0.173913    3    3   10
42     0.173913    3    3   11
43     0.173913    3    3   12
44     0.173913    3    3   13
45     0.173913    3    3   14
46     0.173913    3    3   15
47     0.173913    3    3   16
48     0.173913    3    3   17
49     0.173913    3    3   18
50     0.173913    3    3   19
51     0.217391    3    3   20
52     0.130435    3    4    4
53     0.130435    3    4    5
54     0.130435    3    4    6
55     0.130435    3    4    7
56     0.130435    3    4    8
57     0.130435    3    4    9
58     0.130435    3    4   10
59     0.130435    3    4   11
60     0.130435    3    4   12
61     0.130435    3    4   13
62     0.130435    3    4   14
63     0.130435    3    4   15
64     0.130435    3    4   16
65     0.130435    3    4   17
66     0.130435    3    4   18
67     0.130435    3    4   19
68     0.130435    3    4   20
69     0.0869565   3    5    4
70     0.0869565   3    5    5
71     0.0869565   3    5    6
72     0.0869565   3    5    7
73     0.0869565   3    5    8
74     0.0869565   3    5    9
75     0.0869565   3    5   10
76     0.0869565   3    5   11
77     0.0869565   3    5   12
78     0.0869565   3    5   13
79     0.0869565   3    5   14
80     0.0869565   3    5   15
81     0.0869565   3    5   16
82     0.0869565   3    5   17
83     0.0869565   3    5   18
84     0.0869565   3    5   19
85     0.0869565   3    5   20
86     0.0434783   3    6    4
87     0.0434783   3    6    5
88     0.0434783   3    6    6
89     0.0434783   3    6    7
90     0.0434783   3    6    8
91     0.0434783   3    6    9
92     0.0434783   3    6   10
93     0.0434783   3    6   11
94     0.0434783   3    6   12
95     0.0434783   3    6   13
96     0.0434783   3    6   14
97     0.0434783   3    6   15
98     0.0434783   3    6   16
99     0.0434783   3    6   17
100    0.0434783   3    6   18
101    0.0434783   3    6   19
102    0.0434783   3    6   20
103    0.0434783   3    7    4
104    0.0434783   3    7    5
105    0.0434783   3    7    6
106    0.0434783   3    7    7
107    0.0434783   3    7    8
108    0.0434783   3    7    9
109    0.0434783   3    7   10
110    0.0434783   3    7   11
111    0.0434783   3    7   12
112    0.0434783   3    7   13
113    0.0434783   3    7   14
114    0.0434783   3    7   15
115    0.0434783   3    7   16
116    0.0434783   3    7   17
117    0.0434783   3    7   18
118    0.0434783   3    7   19
119    0.0434783   3    7   20
120    0.0434783   3    8    4
121    0.0434783   3    8    5
122    0.0434783   3    8    6
123    0.0434783   3    8    7
124    0.0434783   3    8    8
125    0.0434783   3    8    9
126    0.0434783   3    8   10
127    0.0434783   3    8   11
128    0.0434783   3    8   12
129    0.0434783   3    8   13
130    0.0434783   3    8   14
131    0.0434783   3    8   15
132    0.0434783   3    8   16
133    0.0434783   3    8   17
134    0.0434783   3    8   18
135    0.0434783   3    8   19
136    0.0434783   3    8   20
137    0.0434783   3    9    4
138    0.0434783   3    9    5
139    0.0434783   3    9    6
140    0.0434783   3    9    7
141    0.0434783   3    9    8
142    0.0434783   3    9    9
143    0.0434783   3    9   10
144    0.0434783   3    9   11
145    0.0434783   3    9   12
146    0.0434783   3    9   13
147    0.0434783   3    9   14
148    0.0434783   3    9   15
149    0.0434783   3    9   16
150    0.0434783   3    9   17
151    0.0434783   3    9   18
152    0.0434783   3    9   19
153    0.0434783   3    9   20
154    0.0434783   3   10    4
155    0.0434783   3   10    5
156    0.0434783   3   10    6
157    0.0434783   3   10    7
158    0.0434783   3   10    8
159    0.0434783   3   10    9
160    0.0434783   3   10   10
161    0.0434783   3   10   11
162    0.0434783   3   10   12
163    0.0434783   3   10   13
164    0.0434783   3   10   14
165    0.0434783   3   10   15
166    0.0434783   3   10   16
167    0.0434783   3   10   17
168    0.0434783   3   10   18
169    0.0434783   3   10   19
170    0.0434783   3   10   20
171    0.0434783   3   11    4
172    0.0434783   3   11    5
173    0.0434783   3   11    6
174    0.0434783   3   11    7
175    0.0434783   3   11    8
176    0.0434783   3   11    9
177    0.0434783   3   11   10
178    0.0434783   3   11   11
179    0.0434783   3   11   12
180    0.0434783   3   11   13
181    0.0434783   3   11   14
182    0.0434783   3   11   15
183    0.0434783   3   11   16
184    0.0434782   3   11   17
185    0.0434783   3   11   18
186    0.0434783   3   11   19
187    0.0434783   3   11   20
188    0.0434783   3   12    4
189    0.0434783   3   12    5
190    0.0434783   3   12    6
191    0.0434783   3   12    7
192    0.0434783   3   12    8
193    0.0434783   3   12    9
194    0.0434783   3   12   10
195    0.0434783   3   12   11
196    0.0434783   3   12   12
197    0.0434783   3   12   13
198    0.0434783   3   12   14
199    0.0434783   3   12   15
200    0.0434783   3   12   16
201    0.0434783   3   12   17
202    0.0434783   3   12   18
203    0.0434783   3   12   19
204    0.0434783   3   12   20
205    0.0434783   3   13    4
206    0.0434783   3   13    5
207    0.0434783   3   13    6
208    0.0434783   3   13    7
209    0.0434783   3   13    8
210    0.0434783   3   13    9
211    0.0434783   3   13   10
212    0.0434783   3   13   11
213    0.0434783   3   13   12
214    0.0434783   3   13   13
215    0.0434783   3   13   14
216    0.0434783   3   13   15
217    0.0434783   3   13   16
218    0.0434783   3   13   17
219    0.0434783   3   13   18
220    0.0434783   3   13   19
221    0.0434783   3   13   20
222    0.0434783   3   14    4
223    0.0434783   3   14    5
224    0.0434783   3   14    6
225    0.0434783   3   14    7
226    0.0434783   3   14    8
227    0.0434783   3   14    9
228    0.0434783   3   14   10
229    0.0434783   3   14   11
230    0.0434783   3   14   12
231    0.0434783   3   14   13
232    0.0434783   3   14   14
233    0.0434783   3   14   15
234    0.0434783   3   14   16
235    0.0434783   3   14   17
236    0.0434783   3   14   18
237    0.0434783   3   14   19
238    0.0434783   3   14   20
239    0.0434783   3   15    4
240    0.0434783   3   15    5
241    0.0434783   3   15    6
242    0.0434783   3   15    7
243    0.0434783   3   15    8
244    0.0434783   3   15    9
245    0.0434783   3   15   10
246    0.0434783   3   15   11
247    0.0434783   3   15   12
248    0.0434783   3   15   13
249    0.0434783   3   15   14
250    0.0434783   3   15   15
251    0.0434783   3   15   16
252    0.0434783   3   15   17
253    0.0434783   3   15   18
254    0.0434783   3   15   19
255    0.0434783   3   15   20
256    0.0434783   3   16    4
257    0.0434783   3   16    5
258    0.0434783   3   16    6
259    0.0434783   3   16    7
260    0.0434783   3   16    8
261    0.0434783   3   16    9
262    0.0434783   3   16   10
263    0.0434783   3   16   11
264    0.0434783   3   16   12
265    0.0434783   3   16   13
266    0.0434783   3   16   14
267    0.0434783   3   16   15
268    0.0434783   3   16   16
269    0.0434783   3   16   17
270    0.0434783   3   16   18
271    0.0434783   3   16   19
272    0.0434783   3   16   20
273    0.0434783   3   17    4
274    0.0434783   3   17    5
275    0.0434783   3   17    6
276    0.0434783   3   17    7
277    0.0434783   3   17    8
278    0.0434783   3   17    9
279    0.0434783   3   17   10
280    0.0434783   3   17   11
281    0.0434783   3   17   12
282    0.0434783   3   17   13
283    0.0434783   3   17   14
284    0.0434783   3   17   15
285    0.0434783   3   17   16
286    0.0434783   3   17   17
287    0.0434783   3   17   18
288    0.0434783   3   17   19
289    0.0434783   3   17   20
290    0.0434783   3   18    4
291    0.0434783   3   18    5
292    0.0434783   3   18    6
293    0.0434783   3   18    7
294    0.0434783   3   18    8
295    0.0434783   3   18    9
296    0.0434783   3   18   10
297    0.0434783   3   18   11
298    0.0434783   3   18   12
299    0.0434783   3   18   13
300    0.0434783   3   18   14
301    0.0434783   3   18   15
302    0.0434783   3   18   16
303    0.0434783   3   18   17
304    0.0434783   3   18   18
305    0.0434783   3   18   19
306    0.0434783   3   18   20
307    0.0434783   3   19    4
308    0.0434783   3   19    5
309    0.0434783   3   19    6
310    0.0434783   3   19    7
311    0.0434783   3   19    8
312    0.0434783   3   19    9
313    0.0434783   3   19   10
314    0.0434783   3   19   11
315    0.0434783   3   19   12
316    0.0434783   3   19   13
317    0.0434783   3   19   14
318    0.0434783   3   19   15
319    0.0434783   3   19   16
320    0.0434783   3   19   17
321    0.0434783   3   19   18
322    0.0434783   3   19   19
323    0.0434783   3   19   20
324    0.0434783   3   20    4
325    0.0434783   3   20    5
326    0.0434783   3   20    6
327    0.0434783   3   20    7
328    0.0434783   3   20    8
329    0.0434783   3   20    9
330    0.0434783   3   20   10
331    0.0434783   3   20   11
332    0.0434783   3   20   12
333    0.0434783   3   20   13
334    0.0434783   3   20   14
335    0.0434783   3   20   15
336    0.0434783   3   20   16
337    0.0434783   3   20   17
338    0.0434783   3   20   18
339    0.0434783   3   20   19
340    0.0434783   3   20   20
341    0.521739    4    1    4
342    0.521739    4    1    5
343    0.521739    4    1    6
344    0.521739    4    1    7
345    0.521739    4    1    8
346    0.521739    4    1    9
347    0.521739    4    1   10
348    0.521739    4    1   11
349    0.521739    4    1   12
350    0.521739    4    1   13
351    0.521739    4    1   14
352    0.521739    4    1   15
353    0.521739    4    1   16
354    0.521739    4    1   17
355    0.521739    4    1   18
356    0.521739    4    1   19
357    0.521739    4    1   20
358    0.304348    4    2    4
359    0.304348    4    2    5
360    0.304348    4    2    6
361    0.304348    4    2    7
362    0.304348    4    2    8
363    0.304348    4    2    9
364    0.304348    4    2   10
365    0.304348    4    2   11
366    0.304348    4    2   12
367    0.304348    4    2   13
368    0.304348    4    2   14
369    0.304348    4    2   15
370    0.304348    4    2   16
371    0.304348    4    2   17
372    0.304348    4    2   18
373    0.304348    4    2   19
374    0.304348    4    2   20
375    0.173913    4    3    4
376    0.173913    4    3    5
377    0.173913    4    3    6
378    0.173913    4    3    7
379    0.173913    4    3    8
380    0.173913    4    3    9
381    0.173913    4    3   10
382    0.173913    4    3   11
383    0.173913    4    3   12
384    0.173913    4    3   13
385    0.173913    4    3   14
386    0.173913    4    3   15
387    0.173913    4    3   16
388    0.173913    4    3   17
389    0.173913    4    3   18
390    0.173913    4    3   19
391    0.217391    4    3   20
392    0.130435    4    4    4
393    0.130435    4    4    5
394    0.130435    4    4    6
395    0.130435    4    4    7
396    0.130435    4    4    8
397    0.130435    4    4    9
398    0.130435    4    4   10
399    0.130435    4    4   11
400    0.130435    4    4   12
401    0.130435    4    4   13
402    0.130435    4    4   14
403    0.130435    4    4   15
404    0.130435    4    4   16
405    0.130435    4    4   17
406    0.130435    4    4   18
407    0.130435    4    4   19
408    0.130435    4    4   20
409    0.0869565   4    5    4
410    0.0869565   4    5    5
411    0.0869565   4    5    6
412    0.0869565   4    5    7
413    0.0869565   4    5    8
414    0.0869565   4    5    9
415    0.0869565   4    5   10
416    0.0869565   4    5   11
417    0.0869565   4    5   12
418    0.0869565   4    5   13
419    0.0869565   4    5   14
420    0.0869565   4    5   15
421    0.0869565   4    5   16
422    0.0869565   4    5   17
423    0.0869565   4    5   18
424    0.0869565   4    5   19
425    0.0869565   4    5   20
426    0.0434783   4    6    4
427    0.0434783   4    6    5
428    0.0434783   4    6    6
429    0.0434783   4    6    7
430    0.0434783   4    6    8
431    0.0434783   4    6    9
432    0.0434783   4    6   10
433    0.0434783   4    6   11
434    0.0434783   4    6   12
435    0.0434783   4    6   13
436    0.0434783   4    6   14
437    0.0434783   4    6   15
438    0.0434783   4    6   16
439    0.0434783   4    6   17
440    0.0434783   4    6   18
441    0.0434783   4    6   19
442    0.0434783   4    6   20
443    0.0434783   4    7    4
444    0.0434783   4    7    5
445    0.0434783   4    7    6
446    0.0434783   4    7    7
447    0.0434783   4    7    8
448    0.0434783   4    7    9
449    0.0434783   4    7   10
450    0.0434783   4    7   11
451    0.0434783   4    7   12
452    0.0434783   4    7   13
453    0.0434783   4    7   14
454    0.0434783   4    7   15
455    0.0434783   4    7   16
456    0.0434783   4    7   17
457    0.0434783   4    7   18
458    0.0434783   4    7   19
459    0.0434783   4    7   20
460    0.0434783   4    8    4
461    0.0434783   4    8    5
462    0.0434783   4    8    6
463    0.0434783   4    8    7
464    0.0434783   4    8    8
465    0.0434783   4    8    9
466    0.0434783   4    8   10
467    0.0434783   4    8   11
468    0.0434783   4    8   12
469    0.0434783   4    8   13
470    0.0434783   4    8   14
471    0.0434783   4    8   15
472    0.0434783   4    8   16
473    0.0434783   4    8   17
474    0.0434783   4    8   18
475    0.0434783   4    8   19
476    0.0434783   4    8   20
477    0.0434783   4    9    4
478    0.0434783   4    9    5
479    0.0434783   4    9    6
480    0.0434783   4    9    7
481    0.0434783   4    9    8
482    0.0434783   4    9    9
483    0.0434783   4    9   10
484    0.0434783   4    9   11
485    0.0434783   4    9   12
486    0.0434783   4    9   13
487    0.0434783   4    9   14
488    0.0434783   4    9   15
489    0.0434783   4    9   16
490    0.0434783   4    9   17
491    0.0434783   4    9   18
492    0.0434783   4    9   19
493    0.0434783   4    9   20
494    0.0434783   4   10    4
495    0.0434783   4   10    5
496    0.0434783   4   10    6
497    0.0434783   4   10    7
498    0.0434783   4   10    8
499    0.0434783   4   10    9
500    0.0434783   4   10   10
501    0.0434783   4   10   11
502    0.0434783   4   10   12
503    0.0434783   4   10   13
504    0.0434783   4   10   14
505    0.0434783   4   10   15
506    0.0434783   4   10   16
507    0.0434783   4   10   17
508    0.0434783   4   10   18
509    0.0434783   4   10   19
510    0.0434783   4   10   20
511    0.0434783   4   11    4
512    0.0434783   4   11    5
513    0.0434783   4   11    6
514    0.0434783   4   11    7
515    0.0434783   4   11    8
516    0.0434783   4   11    9
517    0.0434783   4   11   10
518    0.0434783   4   11   11
519    0.0434783   4   11   12
520    0.0434783   4   11   13
521    0.0434783   4   11   14
522    0.0434783   4   11   15
523    0.0434783   4   11   16
524    0.0434782   4   11   17
525    0.0434783   4   11   18
526    0.0434783   4   11   19
527    0.0434783   4   11   20
528    0.0434783   4   12    4
529    0.0434783   4   12    5
530    0.0434783   4   12    6
531    0.0434783   4   12    7
532    0.0434783   4   12    8
533    0.0434783   4   12    9
534    0.0434783   4   12   10
535    0.0434783   4   12   11
536    0.0434783   4   12   12
537    0.0434783   4   12   13
538    0.0434783   4   12   14
539    0.0434783   4   12   15
540    0.0434783   4   12   16
541    0.0434783   4   12   17
542    0.0434783   4   12   18
543    0.0434783   4   12   19
544    0.0434783   4   12   20
545    0.0434783   4   13    4
546    0.0434783   4   13    5
547    0.0434783   4   13    6
548    0.0434783   4   13    7
549    0.0434783   4   13    8
550    0.0434783   4   13    9
551    0.0434783   4   13   10
552    0.0434783   4   13   11
553    0.0434783   4   13   12
554    0.0434783   4   13   13
555    0.0434783   4   13   14
556    0.0434783   4   13   15
557    0.0434783   4   13   16
558    0.0434783   4   13   17
559    0.0434783   4   13   18
560    0.0434783   4   13   19
561    0.0434783   4   13   20
562    0.0434783   4   14    4
563    0.0434783   4   14    5
564    0.0434783   4   14    6
565    0.0434783   4   14    7
566    0.0434783   4   14    8
567    0.0434783   4   14    9
568    0.0434783   4   14   10
569    0.0434783   4   14   11
570    0.0434783   4   14   12
571    0.0434783   4   14   13
572    0.0434783   4   14   14
573    0.0434783   4   14   15
574    0.0434783   4   14   16
575    0.0434783   4   14   17
576    0.0434783   4   14   18
577    0.0434783   4   14   19
578    0.0434783   4   14   20
579    0.0434783   4   15    4
580    0.0434783   4   15    5
581    0.0434783   4   15    6
582    0.0434783   4   15    7
583    0.0434783   4   15    8
584    0.0434783   4   15    9
585    0.0434783   4   15   10
586    0.0434783   4   15   11
587    0.0434783   4   15   12
588    0.0434783   4   15   13
589    0.0434783   4   15   14
590    0.0434783   4   15   15
591    0.0434783   4   15   16
592    0.0434783   4   15   17
593    0.0434783   4   15   18
594    0.0434783   4   15   19
595    0.0434783   4   15   20
596    0.0434783   4   16    4
597    0.0434783   4   16    5
598    0.0434783   4   16    6
599    0.0434783   4   16    7
600    0.0434783   4   16    8
601    0.0434783   4   16    9
602    0.0434783   4   16   10
603    0.0434783   4   16   11
604    0.0434783   4   16   12
605    0.0434783   4   16   13
606    0.0434783   4   16   14
607    0.0434783   4   16   15
608    0.0434783   4   16   16
609    0.0434783   4   16   17
610    0.0434783   4   16   18
611    0.0434783   4   16   19
612    0.0434783   4   16   20
613    0.0434783   4   17    4
614    0.0434783   4   17    5
615    0.0434783   4   17    6
616    0.0434783   4   17    7
617    0.0434783   4   17    8
618    0.0434783   4   17    9
619    0.0434783   4   17   10
620    0.0434783   4   17   11
621    0.0434783   4   17   12
622    0.0434783   4   17   13
623    0.0434783   4   17   14
624    0.0434783   4   17   15
625    0.0434783   4   17   16
626    0.0434783   4   17   17
627    0.0434783   4   17   18
628    0.0434783   4   17   19
629    0.0434783   4   17   20
630    0.0434783   4   18    4
631    0.0434783   4   18    5
632    0.0434783   4   18    6
633    0.0434783   4   18    7
634    0.0434783   4   18    8
635    0.0434783   4   18    9
636    0.0434783   4   18   10
637    0.0434783   4   18   11
638    0.0434783   4   18   12
639    0.0434783   4   18   13
640    0.0434783   4   18   14
641    0.0434783   4   18   15
642    0.0434783   4   18   16
643    0.0434783   4   18   17
644    0.0434783   4   18   18
645    0.0434783   4   18   19
646    0.0434783   4   18   20
647    0.0434783   4   19    4
648    0.0434783   4   19    5
649    0.0434783   4   19    6
650    0.0434783   4   19    7
651    0.0434783   4   19    8
652    0.0434783   4   19    9
653    0.0434783   4   19   10
654    0.0434783   4   19   11
655    0.0434783   4   19   12
656    0.0434783   4   19   13
657    0.0434783   4   19   14
658    0.0434783   4   19   15
659    0.0434783   4   19   16
660    0.0434783   4   19   17
661    0.0434783   4   19   18
662    0.0434783   4   19   19
663    0.0434783   4   19   20
664    0.0434783   4   20    4
665    0.0434783   4   20    5
666    0.0434783   4   20    6
667    0.0434783   4   20    7
668    0.0434783   4   20    8
669    0.0434783   4   20    9
670    0.0434783   4   20   10
671    0.0434783   4   20   11
672    0.0434783   4   20   12
673    0.0434783   4   20   13
674    0.0434783   4   20   14
675    0.0434783   4   20   15
676    0.0434783   4   20   16
677    0.0434783   4   20   17
678    0.0434783   4   20   18
679    0.0434783   4   20   19
680    0.0434783   4   20   20
681    0.521739    5    1    4
682    0.521739    5    1    5
683    0.521739    5    1    6
684    0.521739    5    1    7
685    0.521739    5    1    8
686    0.521739    5    1    9
687    0.521739    5    1   10
688    0.521739    5    1   11
689    0.521739    5    1   12
690    0.521739    5    1   13
691    0.521739    5    1   14
692    0.521739    5    1   15
693    0.521739    5    1   16
694    0.521739    5    1   17
695    0.521739    5    1   18
696    0.521739    5    1   19
697    0.521739    5    1   20
698    0.304348    5    2    4
699    0.304348    5    2    5
700    0.304348    5    2    6
701    0.304348    5    2    7
702    0.304348    5    2    8
703    0.304348    5    2    9
704    0.304348    5    2   10
705    0.304348    5    2   11
706    0.304348    5    2   12
707    0.304348    5    2   13
708    0.304348    5    2   14
709    0.304348    5    2   15
710    0.304348    5    2   16
711    0.304348    5    2   17
712    0.304348    5    2   18
713    0.304348    5    2   19
714    0.304348    5    2   20
715    0.173913    5    3    4
716    0.173913    5    3    5
717    0.173913    5    3    6
718    0.173913    5    3    7
719    0.173913    5    3    8
720    0.173913    5    3    9
721    0.173913    5    3   10
722    0.173913    5    3   11
723    0.173913    5    3   12
724    0.173913    5    3   13
725    0.173913    5    3   14
726    0.173913    5    3   15
727    0.173913    5    3   16
728    0.173913    5    3   17
729    0.173913    5    3   18
730    0.173913    5    3   19
731    0.217391    5    3   20
732    0.130435    5    4    4
733    0.130435    5    4    5
734    0.130435    5    4    6
735    0.130435    5    4    7
736    0.130435    5    4    8
737    0.130435    5    4    9
738    0.130435    5    4   10
739    0.130435    5    4   11
740    0.130435    5    4   12
741    0.130435    5    4   13
742    0.130435    5    4   14
743    0.130435    5    4   15
744    0.130435    5    4   16
745    0.130435    5    4   17
746    0.130435    5    4   18
747    0.130435    5    4   19
748    0.130435    5    4   20
749    0.0869565   5    5    4
750    0.0869565   5    5    5
751    0.0869565   5    5    6
752    0.0869565   5    5    7
753    0.0869565   5    5    8
754    0.0869565   5    5    9
755    0.0869565   5    5   10
756    0.0869565   5    5   11
757    0.0869565   5    5   12
758    0.0869565   5    5   13
759    0.0869565   5    5   14
760    0.0869565   5    5   15
761    0.0869565   5    5   16
762    0.0869565   5    5   17
763    0.0869565   5    5   18
764    0.0869565   5    5   19
765    0.0869565   5    5   20
766    0.0434783   5    6    4
767    0.0434783   5    6    5
768    0.0434783   5    6    6
769    0.0434783   5    6    7
770    0.0434783   5    6    8
771    0.0434783   5    6    9
772    0.0434783   5    6   10
773    0.0434783   5    6   11
774    0.0434783   5    6   12
775    0.0434783   5    6   13
776    0.0434783   5    6   14
777    0.0434783   5    6   15
778    0.0434783   5    6   16
779    0.0434783   5    6   17
780    0.0434783   5    6   18
781    0.0434783   5    6   19
782    0.0434783   5    6   20
783    0.0434783   5    7    4
784    0.0434783   5    7    5
785    0.0434783   5    7    6
786    0.0434783   5    7    7
787    0.0434783   5    7    8
788    0.0434783   5    7    9
789    0.0434783   5    7   10
790    0.0434783   5    7   11
791    0.0434783   5    7   12
792    0.0434783   5    7   13
793    0.0434783   5    7   14
794    0.0434783   5    7   15
795    0.0434783   5    7   16
796    0.0434783   5    7   17
797    0.0434783   5    7   18
798    0.0434783   5    7   19
799    0.0434783   5    7   20
800    0.0434783   5    8    4
801    0.0434783   5    8    5
802    0.0434783   5    8    6
803    0.0434783   5    8    7
804    0.0434783   5    8    8
805    0.0434783   5    8    9
806    0.0434783   5    8   10
807    0.0434783   5    8   11
808    0.0434783   5    8   12
809    0.0434783   5    8   13
810    0.0434783   5    8   14
811    0.0434783   5    8   15
812    0.0434783   5    8   16
813    0.0434783   5    8   17
814    0.0434783   5    8   18
815    0.0434783   5    8   19
816    0.0434783   5    8   20
817    0.0434783   5    9    4
818    0.0434783   5    9    5
819    0.0434783   5    9    6
820    0.0434783   5    9    7
821    0.0434783   5    9    8
822    0.0434783   5    9    9
823    0.0434783   5    9   10
824    0.0434783   5    9   11
825    0.0434783   5    9   12
826    0.0434783   5    9   13
827    0.0434783   5    9   14
828    0.0434783   5    9   15
829    0.0434783   5    9   16
830    0.0434783   5    9   17
831    0.0434783   5    9   18
832    0.0434783   5    9   19
833    0.0434783   5    9   20
834    0.0434783   5   10    4
835    0.0434783   5   10    5
836    0.0434783   5   10    6
837    0.0434783   5   10    7
838    0.0434783   5   10    8
839    0.0434783   5   10    9
840    0.0434783   5   10   10
841    0.0434783   5   10   11
842    0.0434783   5   10   12
843    0.0434783   5   10   13
844    0.0434783   5   10   14
845    0.0434783   5   10   15
846    0.0434783   5   10   16
847    0.0434783   5   10   17
848    0.0434783   5   10   18
849    0.0434783   5   10   19
850    0.0434783   5   10   20
851    0.0434783   5   11    4
852    0.0434783   5   11    5
853    0.0434783   5   11    6
854    0.0434783   5   11    7
855    0.0434783   5   11    8
856    0.0434783   5   11    9
857    0.0434783   5   11   10
858    0.0434783   5   11   11
859    0.0434783   5   11   12
860    0.0434783   5   11   13
861    0.0434783   5   11   14
862    0.0434783   5   11   15
863    0.0434783   5   11   16
864    0.0434782   5   11   17
865    0.0434783   5   11   18
866    0.0434783   5   11   19
867    0.0434783   5   11   20
868    0.0434783   5   12    4
869    0.0434783   5   12    5
870    0.0434783   5   12    6
871    0.0434783   5   12    7
872    0.0434783   5   12    8
873    0.0434783   5   12    9
874    0.0434783   5   12   10
875    0.0434783   5   12   11
876    0.0434783   5   12   12
877    0.0434783   5   12   13
878    0.0434783   5   12   14
879    0.0434783   5   12   15
880    0.0434783   5   12   16
881    0.0434783   5   12   17
882    0.0434783   5   12   18
883    0.0434783   5   12   19
884    0.0434783   5   12   20
885    0.0434783   5   13    4
886    0.0434783   5   13    5
887    0.0434783   5   13    6
888    0.0434783   5   13    7
889    0.0434783   5   13    8
890    0.0434783   5   13    9
891    0.0434783   5   13   10
892    0.0434783   5   13   11
893    0.0434783   5   13   12
894    0.0434783   5   13   13
895    0.0434783   5   13   14
896    0.0434783   5   13   15
897    0.0434783   5   13   16
898    0.0434783   5   13   17
899    0.0434783   5   13   18
900    0.0434783   5   13   19
901    0.0434783   5   13   20
902    0.0434783   5   14    4
903    0.0434783   5   14    5
904    0.0434783   5   14    6
905    0.0434783   5   14    7
906    0.0434783   5   14    8
907    0.0434783   5   14    9
908    0.0434783   5   14   10
909    0.0434783   5   14   11
910    0.0434783   5   14   12
911    0.0434783   5   14   13
912    0.0434783   5   14   14
913    0.0434783   5   14   15
914    0.0434783   5   14   16
915    0.0434783   5   14   17
916    0.0434783   5   14   18
917    0.0434783   5   14   19
918    0.0434783   5   14   20
919    0.0434783   5   15    4
920    0.0434783   5   15    5
921    0.0434783   5   15    6
922    0.0434783   5   15    7
923    0.0434783   5   15    8
924    0.0434783   5   15    9
925    0.0434783   5   15   10
926    0.0434783   5   15   11
927    0.0434783   5   15   12
928    0.0434783   5   15   13
929    0.0434783   5   15   14
930    0.0434783   5   15   15
931    0.0434783   5   15   16
932    0.0434783   5   15   17
933    0.0434783   5   15   18
934    0.0434783   5   15   19
935    0.0434783   5   15   20
936    0.0434783   5   16    4
937    0.0434783   5   16    5
938    0.0434783   5   16    6
939    0.0434783   5   16    7
940    0.0434783   5   16    8
941    0.0434783   5   16    9
942    0.0434783   5   16   10
943    0.0434783   5   16   11
944    0.0434783   5   16   12
945    0.0434783   5   16   13
946    0.0434783   5   16   14
947    0.0434783   5   16   15
948    0.0434783   5   16   16
949    0.0434783   5   16   17
950    0.0434783   5   16   18
951    0.0434783   5   16   19
952    0.0434783   5   16   20
953    0.0434783   5   17    4
954    0.0434783   5   17    5
955    0.0434783   5   17    6
956    0.0434783   5   17    7
957    0.0434783   5   17    8
958    0.0434783   5   17    9
959    0.0434783   5   17   10
960    0.0434783   5   17   11
961    0.0434783   5   17   12
962    0.0434783   5   17   13
963    0.0434783   5   17   14
964    0.0434783   5   17   15
965    0.0434783   5   17   16
966    0.0434783   5   17   17
967    0.0434783   5   17   18
968    0.0434783   5   17   19
969    0.0434783   5   17   20
970    0.0434783   5   18    4
971    0.0434783   5   18    5
972    0.0434783   5   18    6
973    0.0434783   5   18    7
974    0.0434783   5   18    8
975    0.0434783   5   18    9
976    0.0434783   5   18   10
977    0.0434783   5   18   11
978    0.0434783   5   18   12
979    0.0434783   5   18   13
980    0.0434783   5   18   14
981    0.0434783   5   18   15
982    0.0434783   5   18   16
983    0.0434783   5   18   17
984    0.0434783   5   18   18
985    0.0434783   5   18   19
986    0.0434783   5   18   20
987    0.0434783   5   19    4
988    0.0434783   5   19    5
989    0.0434783   5   19    6
990    0.0434783   5   19    7
991    0.0434783   5   19    8
992    0.0434783   5   19    9
993    0.0434783   5   19   10
994    0.0434783   5   19   11
995    0.0434783   5   19   12
996    0.0434783   5   19   13
997    0.0434783   5   19   14
998    0.0434783   5   19   15
999    0.0434783   5   19   16
1000   0.0434783   5   19   17
1001   0.0434783   5   19   18
1002   0.0434783   5   19   19
1003   0.0434783   5   19   20
1004   0.0434783   5   20    4
1005   0.0434783   5   20    5
1006   0.0434783   5   20    6
1007   0.0434783   5   20    7
1008   0.0434783   5   20    8
1009   0.0434783   5   20    9
1010   0.0434783   5   20   10
1011   0.0434783   5   20   11
1012   0.0434783   5   20   12
1013   0.0434783   5   20   13
1014   0.0434783   5   20   14
1015   0.0434783   5   20   15
1016   0.0434783   5   20   16
1017   0.0434783   5   20   17
1018   0.0434783   5   20   18
1019   0.0434783   5   20   19
1020   0.0434783   5   20   20
1021   0.521739    6    1    4
1022   0.521739    6    1    5
1023   0.521739    6    1    6
1024   0.521739    6    1    7
1025   0.521739    6    1    8
1026   0.521739    6    1    9
1027   0.521739    6    1   10
1028   0.521739    6    1   11
1029   0.521739    6    1   12
1030   0.521739    6    1   13
1031   0.521739    6    1   14
1032   0.521739    6    1   15
1033   0.521739    6    1   16
1034   0.521739    6    1   17
1035   0.521739    6    1   18
1036   0.521739    6    1   19
1037   0.521739    6    1   20
1038   0.304348    6    2    4
1039   0.304348    6    2    5
1040   0.304348    6    2    6
1041   0.304348    6    2    7
1042   0.304348    6    2    8
1043   0.304348    6    2    9
1044   0.304348    6    2   10
1045   0.304348    6    2   11
1046   0.304348    6    2   12
1047   0.304348    6    2   13
1048   0.304348    6    2   14
1049   0.304348    6    2   15
1050   0.304348    6    2   16
1051   0.304348    6    2   17
1052   0.304348    6    2   18
1053   0.304348    6    2   19
1054   0.304348    6    2   20
1055   0.173913    6    3    4
1056   0.173913    6    3    5
1057   0.173913    6    3    6
1058   0.173913    6    3    7
1059   0.173913    6    3    8
1060   0.173913    6    3    9
1061   0.173913    6    3   10
1062   0.173913    6    3   11
1063   0.173913    6    3   12
1064   0.173913    6    3   13
1065   0.173913    6    3   14
1066   0.173913    6    3   15
1067   0.173913    6    3   16
1068   0.173913    6    3   17
1069   0.173913    6    3   18
1070   0.173913    6    3   19
1071   0.217391    6    3   20
1072   0.130435    6    4    4
1073   0.130435    6    4    5
1074   0.130435    6    4    6
1075   0.130435    6    4    7
1076   0.130435    6    4    8
1077   0.130435    6    4    9
1078   0.130435    6    4   10
1079   0.130435    6    4   11
1080   0.130435    6    4   12
1081   0.130435    6    4   13
1082   0.130435    6    4   14
1083   0.130435    6    4   15
1084   0.130435    6    4   16
1085   0.130435    6    4   17
1086   0.130435    6    4   18
1087   0.130435    6    4   19
1088   0.130435    6    4   20
1089   0.0869565   6    5    4
1090   0.0869565   6    5    5
1091   0.0869565   6    5    6
1092   0.0869565   6    5    7
1093   0.0869565   6    5    8
1094   0.0869565   6    5    9
1095   0.0869565   6    5   10
1096   0.0869565   6    5   11
1097   0.0869565   6    5   12
1098   0.0869565   6    5   13
1099   0.0869565   6    5   14
1100   0.0869565   6    5   15
1101   0.0869565   6    5   16
1102   0.0869565   6    5   17
1103   0.0869565   6    5   18
1104   0.0869565   6    5   19
1105   0.0869565   6    5   20
1106   0.0434783   6    6    4
1107   0.0434783   6    6    5
1108   0.0434783   6    6    6
1109   0.0434783   6    6    7
1110   0.0434783   6    6    8
1111   0.0434783   6    6    9
1112   0.0434783   6    6   10
1113   0.0434783   6    6   11
1114   0.0434783   6    6   12
1115   0.0434783   6    6   13
1116   0.0434783   6    6   14
1117   0.0434783   6    6   15
1118   0.0434783   6    6   16
1119   0.0434783   6    6   17
1120   0.0434783   6    6   18
1121   0.0434783   6    6   19
1122   0.0434783   6    6   20
1123   0.0434783   6    7    4
1124   0.0434783   6    7    5
1125   0.0434783   6    7    6
1126   0.0434783   6    7    7
1127   0.0434783   6    7    8
1128   0.0434783   6    7    9
1129   0.0434783   6    7   10
1130   0.0434783   6    7   11
1131   0.0434783   6    7   12
1132   0.0434783   6    7   13
1133   0.0434783   6    7   14
1134   0.0434783   6    7   15
1135   0.0434783   6    7   16
1136   0.0434783   6    7   17
1137   0.0434783   6    7   18
1138   0.0434783   6    7   19
1139   0.0434783   6    7   20
1140   0.0434783   6    8    4
1141   0.0434783   6    8    5
1142   0.0434783   6    8    6
1143   0.0434783   6    8    7
1144   0.0434783   6    8    8
1145   0.0434783   6    8    9
1146   0.0434783   6    8   10
1147   0.0434783   6    8   11
1148   0.0434783   6    8   12
1149   0.0434783   6    8   13
1150   0.0434783   6    8   14
1151   0.0434783   6    8   15
1152   0.0434783   6    8   16
1153   0.0434783   6    8   17
1154   0.0434783   6    8   18
1155   0.0434783   6    8   19
1156   0.0434783   6    8   20
1157   0.0434783   6    9    4
1158   0.0434783   6    9    5
1159   0.0434783   6    9    6
1160   0.0434783   6    9    7
1161   0.0434783   6    9    8
1162   0.0434783   6    9    9
1163   0.0434783   6    9   10
1164   0.0434783   6    9   11
1165   0.0434783   6    9   12
1166   0.0434783   6    9   13
1167   0.0434783   6    9   14
1168   0.0434783   6    9   15
1169   0.0434783   6    9   16
1170   0.0434783   6    9   17
1171   0.0434783   6    9   18
1172   0.0434783   6    9   19
1173   0.0434783   6    9   20
1174   0.0434783   6   10    4
1175   0.0434783   6   10    5
1176   0.0434783   6   10    6
1177   0.0434783   6   10    7
1178   0.0434783   6   10    8
1179   0.0434783   6   10    9
1180   0.0434783   6   10   10
1181   0.0434783   6   10   11
1182   0.0434783   6   10   12
1183   0.0434783   6   10   13
1184   0.0434783   6   10   14
1185   0.0434783   6   10   15
1186   0.0434783   6   10   16
1187   0.0434783   6   10   17
1188   0.0434783   6   10   18
1189   0.0434783   6   10   19
1190   0.0434783   6   10   20
1191   0.0434783   6   11    4
1192   0.0434783   6   11    5
1193   0.0434783   6   11    6
1194   0.0434783   6   11    7
1195   0.0434783   6   11    8
1196   0.0434783   6   11    9
1197   0.0434783   6   11   10
1198   0.0434783   6   11   11
1199   0.0434783   6   11   12
1200   0.0434783   6   11   13
1201   0.0434783   6   11   14
1202   0.0434783   6   11   15
1203   0.0434783   6   11   16
1204   0.0434782   6   11   17
1205   0.0434783   6   11   18
1206   0.0434783   6   11   19
1207   0.0434783   6   11   20
1208   0.0434783   6   12    4
1209   0.0434783   6   12    5
1210   0.0434783   6   12    6
1211   0.0434783   6   12    7
1212   0.0434783   6   12    8
1213   0.0434783   6   12    9
1214   0.0434783   6   12   10
1215   0.0434783   6   12   11
1216   0.0434783   6   12   12
1217   0.0434783   6   12   13
1218   0.0434783   6   12   14
1219   0.0434783   6   12   15
1220   0.0434783   6   12   16
1221   0.0434783   6   12   17
1222   0.0434783   6   12   18
1223   0.0434783   6   12   19
1224   0.0434783   6   12   20
1225   0.0434783   6   13    4
1226   0.0434783   6   13    5
1227   0.0434783   6   13    6
1228   0.0434783   6   13    7
1229   0.0434783   6   13    8
1230   0.0434783   6   13    9
1231   0.0434783   6   13   10
1232   0.0434783   6   13   11
1233   0.0434783   6   13   12
1234   0.0434783   6   13   13
1235   0.0434783   6   13   14
1236   0.0434783   6   13   15
1237   0.0434783   6   13   16
1238   0.0434783   6   13   17
1239   0.0434783   6   13   18
1240   0.0434783   6   13   19
1241   0.0434783   6   13   20
1242   0.0434783   6   14    4
1243   0.0434783   6   14    5
1244   0.0434783   6   14    6
1245   0.0434783   6   14    7
1246   0.0434783   6   14    8
1247   0.0434783   6   14    9
1248   0.0434783   6   14   10
1249   0.0434783   6   14   11
1250   0.0434783   6   14   12
1251   0.0434783   6   14   13
1252   0.0434783   6   14   14
1253   0.0434783   6   14   15
1254   0.0434783   6   14   16
1255   0.0434783   6   14   17
1256   0.0434783   6   14   18
1257   0.0434783   6   14   19
1258   0.0434783   6   14   20
1259   0.0434783   6   15    4
1260   0.0434783   6   15    5
1261   0.0434783   6   15    6
1262   0.0434783   6   15    7
1263   0.0434783   6   15    8
1264   0.0434783   6   15    9
1265   0.0434783   6   15   10
1266   0.0434783   6   15   11
1267   0.0434783   6   15   12
1268   0.0434783   6   15   13
1269   0.0434783   6   15   14
1270   0.0434783   6   15   15
1271   0.0434783   6   15   16
1272   0.0434783   6   15   17
1273   0.0434783   6   15   18
1274   0.0434783   6   15   19
1275   0.0434783   6   15   20
1276   0.0434783   6   16    4
1277   0.0434783   6   16    5
1278   0.0434783   6   16    6
1279   0.0434783   6   16    7
1280   0.0434783   6   16    8
1281   0.0434783   6   16    9
1282   0.0434783   6   16   10
1283   0.0434783   6   16   11
1284   0.0434783   6   16   12
1285   0.0434783   6   16   13
1286   0.0434783   6   16   14
1287   0.0434783   6   16   15
1288   0.0434783   6   16   16
1289   0.0434783   6   16   17
1290   0.0434783   6   16   18
1291   0.0434783   6   16   19
1292   0.0434783   6   16   20
1293   0.0434783   6   17    4
1294   0.0434783   6   17    5
1295   0.0434783   6   17    6
1296   0.0434783   6   17    7
1297   0.0434783   6   17    8
1298   0.0434783   6   17    9
1299   0.0434783   6   17   10
1300   0.0434783   6   17   11
1301   0.0434783   6   17   12
1302   0.0434783   6   17   13
1303   0.0434783   6   17   14
1304   0.0434783   6   17   15
1305   0.0434783   6   17   16
1306   0.0434783   6   17   17
1307   0.0434783   6   17   18
1308   0.0434783   6   17   19
1309   0.0434783   6   17   20
1310   0.0434783   6   18    4
1311   0.0434783   6   18    5
1312   0.0434783   6   18    6
1313   0.0434783   6   18    7
1314   0.0434783   6   18    8
1315   0.0434783   6   18    9
1316   0.0434783   6   18   10
1317   0.0434783   6   18   11
1318   0.0434783   6   18   12
1319   0.0434783   6   18   13
1320   0.0434783   6   18   14
1321   0.0434783   6   18   15
1322   0.0434783   6   18   16
1323   0.0434783   6   18   17
1324   0.0434783   6   18   18
1325   0.0434783   6   18   19
1326   0.0434783   6   18   20
1327   0.0434783   6   19    4
1328   0.0434783   6   19    5
1329   0.0434783   6   19    6
1330   0.0434783   6   19    7
1331   0.0434783   6   19    8
1332   0.0434783   6   19    9
1333   0.0434783   6   19   10
1334   0.0434783   6   19   11
1335   0.0434783   6   19   12
1336   0.0434783   6   19   13
1337   0.0434783   6   19   14
1338   0.0434783   6   19   15
1339   0.0434783   6   19   16
1340   0.0434783   6   19   17
1341   0.0434783   6   19   18
1342   0.0434783   6   19   19
1343   0.0434783   6   19   20
1344   0.0434783   6   20    4
1345   0.0434783   6   20    5
1346   0.0434783   6   20    6
1347   0.0434783   6   20    7
1348   0.0434783   6   20    8
1349   0.0434783   6   20    9
1350   0.0434783   6   20   10
1351   0.0434783   6   20   11
1352   0.0434783   6   20   12
1353   0.0434783   6   20   13
1354   0.0434783   6   20   14
1355   0.0434783   6   20   15
1356   0.0434783   6   20   16
1357   0.0434783   6   20   17
1358   0.0434783   6   20   18
1359   0.0434783   6   20   19
1360   0.0434783   6   20   20
1361   0.521739    7    1    4
1362   0.521739    7    1    5
1363   0.521739    7    1    6
1364   0.521739    7    1    7
1365   0.521739    7    1    8
1366   0.521739    7    1    9
1367   0.521739    7    1   10
1368   0.521739    7    1   11
1369   0.521739    7    1   12
1370   0.521739    7    1   13
1371   0.521739    7    1   14
1372   0.521739    7    1   15
1373   0.521739    7    1   16
1374   0.521739    7    1   17
1375   0.521739    7    1   18
1376   0.521739    7    1   19
1377   0.521739    7    1   20
1378   0.304348    7    2    4
1379   0.304348    7    2    5
1380   0.304348    7    2    6
1381   0.304348    7    2    7
1382   0.304348    7    2    8
1383   0.304348    7    2    9
1384   0.304348    7    2   10
1385   0.304348    7    2   11
1386   0.304348    7    2   12
1387   0.304348    7    2   13
1388   0.304348    7    2   14
1389   0.304348    7    2   15
1390   0.304348    7    2   16
1391   0.304348    7    2   17
1392   0.304348    7    2   18
1393   0.304348    7    2   19
1394   0.304348    7    2   20
1395   0.173913    7    3    4
1396   0.173913    7    3    5
1397   0.173913    7    3    6
1398   0.173913    7    3    7
1399   0.173913    7    3    8
1400   0.173913    7    3    9
1401   0.173913    7    3   10
1402   0.173913    7    3   11
1403   0.173913    7    3   12
1404   0.173913    7    3   13
1405   0.173913    7    3   14
1406   0.173913    7    3   15
1407   0.173913    7    3   16
1408   0.173913    7    3   17
1409   0.173913    7    3   18
1410   0.173913    7    3   19
1411   0.217391    7    3   20
1412   0.130435    7    4    4
1413   0.130435    7    4    5
1414   0.130435    7    4    6
1415   0.130435    7    4    7
1416   0.130435    7    4    8
1417   0.130435    7    4    9
1418   0.130435    7    4   10
1419   0.130435    7    4   11
1420   0.130435    7    4   12
1421   0.130435    7    4   13
1422   0.130435    7    4   14
1423   0.130435    7    4   15
1424   0.130435    7    4   16
1425   0.130435    7    4   17
1426   0.130435    7    4   18
1427   0.130435    7    4   19
1428   0.130435    7    4   20
1429   0.0869565   7    5    4
1430   0.0869565   7    5    5
1431   0.0869565   7    5    6
1432   0.0869565   7    5    7
1433   0.0869565   7    5    8
1434   0.0869565   7    5    9
1435   0.0869565   7    5   10
1436   0.0869565   7    5   11
1437   0.0869565   7    5   12
1438   0.0869565   7    5   13
1439   0.0869565   7    5   14
1440   0.0869565   7    5   15
1441   0.0869565   7    5   16
1442   0.0869565   7    5   17
1443   0.0869565   7    5   18
1444   0.0869565   7    5   19
1445   0.0869565   7    5   20
1446   0.0434783   7    6    4
1447   0.0434783   7    6    5
1448   0.0434783   7    6    6
1449   0.0434783   7    6    7
1450   0.0434783   7    6    8
1451   0.0434783   7    6    9
1452   0.0434783   7    6   10
1453   0.0434783   7    6   11
1454   0.0434783   7    6   12
1455   0.0434783   7    6   13
1456   0.0434783   7    6   14
1457   0.0434783   7    6   15
1458   0.0434783   7    6   16
1459   0.0434783   7    6   17
1460   0.0434783   7    6   18
1461   0.0434783   7    6   19
1462   0.0434783   7    6   20
1463   0.0434783   7    7    4
1464   0.0434783   7    7    5
1465   0.0434783   7    7    6
1466   0.0434783   7    7    7
1467   0.0434783   7    7    8
1468   0.0434783   7    7    9
1469   0.0434783   7    7   10
1470   0.0434783   7    7   11
1471   0.0434783   7    7   12
1472   0.0434783   7    7   13
1473   0.0434783   7    7   14
1474   0.0434783   7    7   15
1475   0.0434783   7    7   16
1476   0.0434783   7    7   17
1477   0.0434783   7    7   18
1478   0.0434783   7    7   19
1479   0.0434783   7    7   20
1480   0.0434783   7    8    4
1481   0.0434783   7    8    5
1482   0.0434783   7    8    6
1483   0.0434783   7    8    7
1484   0.0434783   7    8    8
1485   0.0434783   7    8    9
1486   0.0434783   7    8   10
1487   0.0434783   7    8   11
1488   0.0434783   7    8   12
1489   0.0434783   7    8   13
1490   0.0434783   7    8   14
1491   0.0434783   7    8   15
1492   0.0434783   7    8   16
1493   0.0434783   7    8   17
1494   0.0434783   7    8   18
1495   0.0434783   7    8   19
1496   0.0434783   7    8   20
1497   0.0434783   7    9    4
1498   0.0434783   7    9    5
1499   0.0434783   7    9    6
1500   0.0434783   7    9    7
1501   0.0434783   7    9    8
1502   0.0434783   7    9    9
1503   0.0434783   7    9   10
1504   0.0434783   7    9   11
1505   0.0434783   7    9   12
1506   0.0434783   7    9   13
1507   0.0434783   7    9   14
1508   0.0434783   7    9   15
1509   0.0434783   7    9   16
1510   0.0434783   7    9   17
1511   0.0434783   7    9   18
1512   0.0434783   7    9   19
1513   0.0434783   7    9   20
1514   0.0434783   7   10    4
1515   0.0434783   7   10    5
1516   0.0434783   7   10    6
1517   0.0434783   7   10    7
1518   0.0434783   7   10    8
1519   0.0434783   7   10    9
1520   0.0434783   7   10   10
1521   0.0434783   7   10   11
1522   0.0434783   7   10   12
1523   0.0434783   7   10   13
1524   0.0434783   7   10   14
1525   0.0434783   7   10   15
1526   0.0434783   7   10   16
1527   0.0434783   7   10   17
1528   0.0434783   7   10   18
1529   0.0434783   7   10   19
1530   0.0434783   7   10   20
1531   0.0434783   7   11    4
1532   0.0434783   7   11    5
1533   0.0434783   7   11    6
1534   0.0434783   7   11    7
1535   0.0434783   7   11    8
1536   0.0434783   7   11    9
1537   0.0434783   7   11   10
1538   0.0434783   7   11   11
1539   0.0434783   7   11   12
1540   0.0434783   7   11   13
1541   0.0434783   7   11   14
1542   0.0434783   7   11   15
1543   0.0434783   7   11   16
1544   0.0434782   7   11   17
1545   0.0434783   7   11   18
1546   0.0434783   7   11   19
1547   0.0434783   7   11   20
1548   0.0434783   7   12    4
1549   0.0434783   7   12    5
1550   0.0434783   7   12    6
1551   0.0434783   7   12    7
1552   0.0434783   7   12    8
1553   0.0434783   7   12    9
1554   0.0434783   7   12   10
1555   0.0434783   7   12   11
1556   0.0434783   7   12   12
1557   0.0434783   7   12   13
1558   0.0434783   7   12   14
1559   0.0434783   7   12   15
1560   0.0434783   7   12   16
1561   0.0434783   7   12   17
1562   0.0434783   7   12   18
1563   0.0434783   7   12   19
1564   0.0434783   7   12   20
1565   0.0434783   7   13    4
1566   0.0434783   7   13    5
1567   0.0434783   7   13    6
1568   0.0434783   7   13    7
1569   0.0434783   7   13    8
1570   0.0434783   7   13    9
1571   0.0434783   7   13   10
1572   0.0434783   7   13   11
1573   0.0434783   7   13   12
1574   0.0434783   7   13   13
1575   0.0434783   7   13   14
1576   0.0434783   7   13   15
1577   0.0434783   7   13   16
1578   0.0434783   7   13   17
1579   0.0434783   7   13   18
1580   0.0434783   7   13   19
1581   0.0434783   7   13   20
1582   0.0434783   7   14    4
1583   0.0434783   7   14    5
1584   0.0434783   7   14    6
1585   0.0434783   7   14    7
1586   0.0434783   7   14    8
1587   0.0434783   7   14    9
1588   0.0434783   7   14   10
1589   0.0434783   7   14   11
1590   0.0434783   7   14   12
1591   0.0434783   7   14   13
1592   0.0434783   7   14   14
1593   0.0434783   7   14   15
1594   0.0434783   7   14   16
1595   0.0434783   7   14   17
1596   0.0434783   7   14   18
1597   0.0434783   7   14   19
1598   0.0434783   7   14   20
1599   0.0434783   7   15    4
1600   0.0434783   7   15    5
1601   0.0434783   7   15    6
1602   0.0434783   7   15    7
1603   0.0434783   7   15    8
1604   0.0434783   7   15    9
1605   0.0434783   7   15   10
1606   0.0434783   7   15   11
1607   0.0434783   7   15   12
1608   0.0434783   7   15   13
1609   0.0434783   7   15   14
1610   0.0434783   7   15   15
1611   0.0434783   7   15   16
1612   0.0434783   7   15   17
1613   0.0434783   7   15   18
1614   0.0434783   7   15   19
1615   0.0434783   7   15   20
1616   0.0434783   7   16    4
1617   0.0434783   7   16    5
1618   0.0434783   7   16    6
1619   0.0434783   7   16    7
1620   0.0434783   7   16    8
1621   0.0434783   7   16    9
1622   0.0434783   7   16   10
1623   0.0434783   7   16   11
1624   0.0434783   7   16   12
1625   0.0434783   7   16   13
1626   0.0434783   7   16   14
1627   0.0434783   7   16   15
1628   0.0434783   7   16   16
1629   0.0434783   7   16   17
1630   0.0434783   7   16   18
1631   0.0434783   7   16   19
1632   0.0434783   7   16   20
1633   0.0434783   7   17    4
1634   0.0434783   7   17    5
1635   0.0434783   7   17    6
1636   0.0434783   7   17    7
1637   0.0434783   7   17    8
1638   0.0434783   7   17    9
1639   0.0434783   7   17   10
1640   0.0434783   7   17   11
1641   0.0434783   7   17   12
1642   0.0434783   7   17   13
1643   0.0434783   7   17   14
1644   0.0434783   7   17   15
1645   0.0434783   7   17   16
1646   0.0434783   7   17   17
1647   0.0434783   7   17   18
1648   0.0434783   7   17   19
1649   0.0434783   7   17   20
1650   0.0434783   7   18    4
1651   0.0434783   7   18    5
1652   0.0434783   7   18    6
1653   0.0434783   7   18    7
1654   0.0434783   7   18    8
1655   0.0434783   7   18    9
1656   0.0434783   7   18   10
1657   0.0434783   7   18   11
1658   0.0434783   7   18   12
1659   0.0434783   7   18   13
1660   0.0434783   7   18   14
1661   0.0434783   7   18   15
1662   0.0434783   7   18   16
1663   0.0434783   7   18   17
1664   0.0434783   7   18   18
1665   0.0434783   7   18   19
1666   0.0434783   7   18   20
1667   0.0434783   7   19    4
1668   0.0434783   7   19    5
1669   0.0434783   7   19    6
1670   0.0434783   7   19    7
1671   0.0434783   7   19    8
1672   0.0434783   7   19    9
1673   0.0434783   7   19   10
1674   0.0434783   7   19   11
1675   0.0434783   7   19   12
1676   0.0434783   7   19   13
1677   0.0434783   7   19   14
1678   0.0434783   7   19   15
1679   0.0434783   7   19   16
1680   0.0434783   7   19   17
1681   0.0434783   7   19   18
1682   0.0434783   7   19   19
1683   0.0434783   7   19   20
1684   0.0434783   7   20    4
1685   0.0434783   7   20    5
1686   0.0434783   7   20    6
1687   0.0434783   7   20    7
1688   0.0434783   7   20    8
1689   0.0434783   7   20    9
1690   0.0434783   7   20   10
1691   0.0434783   7   20   11
1692   0.0434783   7   20   12
1693   0.0434783   7   20   13
1694   0.0434783   7   20   14
1695   0.0434783   7   20   15
1696   0.0434783   7   20   16
1697   0.0434783   7   20   17
1698   0.0434783   7   20   18
1699   0.0434783   7   20   19
1700   0.0434783   7   20   20