ampl: include init0.run;
Gurobi 9.5.2: timelim=1200
Integrality=1
Gurobi 9.5.2: time limit with a feasible solution; objective 0.3361111111
6550487 simplex iterations
15534 branch-and-cut nodes
No basis.
No dual variables returned.
accuratezza = 0.88

a [*,*]
:         1         2   3   4   5   6   7    :=
1     0             0   0   0   0   0   0
2     0             0   0   0   0   0   0
3    -0.000799558   0   0   0   0   0   0
4     0             0   0   0   0   0   0
5    -0.00174844    0   0   0   0   0   0
6     0             0   0   0   0   0   0
7    -0.01015       0   0   0   0   0   0
8     0             0   0   0   0   0   0
9     0             0   0   0   0   0   0
10    0             0   0   0   0   0   0
11    0             0   0   0   0   0   0
12    0             0   0   0   0   0   0
13   -0.657713      0   0   0   0   0   0
14    0             0   0   0   0   0   0
15    0.00752623    0   0   0   0   0   0
;

a_capp [*,*]
:         1        2   3   4   5   6   7    :=
1    0             0   0   0   0   0   0
2    0             0   0   0   0   0   0
3    0.000799558   0   0   0   0   0   0
4    0             0   0   0   0   0   0
5    0.00174844    0   0   0   0   0   0
6    0             0   0   0   0   0   0
7    0.01015       0   0   0   0   0   0
8    0             0   0   0   0   0   0
9    0             0   0   0   0   0   0
10   0             0   0   0   0   0   0
11   0             0   0   0   0   0   0
12   0             0   0   0   0   0   0
13   0.657713      0   0   0   0   0   0
14   0             0   0   0   0   0   0
15   0.00752623    0   0   0   0   0   0
;

b [*] :=
1  -0.00138119
2   0
3   0
4   0
5   0
6   0
7   0
;

d [*] :=
1  1
2  0
3  0
4  0
5  0
6  0
7  0
;

s [*,*]
:    1   2   3   4   5   6   7    :=
1    0   0   0   0   0   0   0
2    0   0   0   0   0   0   0
3    1   0   0   0   0   0   0
4    0   0   0   0   0   0   0
5    1   0   0   0   0   0   0
6    0   0   0   0   0   0   0
7    1   0   0   0   0   0   0
8    0   0   0   0   0   0   0
9    0   0   0   0   0   0   0
10   0   0   0   0   0   0   0
11   0   0   0   0   0   0   0
12   0   0   0   0   0   0   0
13   1   0   0   0   0   0   0
14   0   0   0   0   0   0   0
15   1   0   0   0   0   0   0
;

c_kt :=
0 8    0
0 9    0
0 10   0
0 11   0
0 12   0
0 13   0
0 14   0
0 15   1
1 8    0
1 9    0
1 10   0
1 11   1
1 12   0
1 13   0
1 14   0
1 15   0
;

L_t [*] :=
 8  0
 9  0
10  0
11  9
12  0
13  0
14  0
15  8
;



ampl: 