 -0.0100065     0   0   0   0   0   -1.51673e-13
  0.0066837     0   0   0   0   0    1.87229e-13
  0.0034954     0   0   0   0   0    0
  0.000306779   0   0   0   0   0    0
  0             0   0   0   0   0    0
  0             0   0   0   0   0    0
  0.00749977    0   0   0   0   0    0
  0             0   0   0   0   0    0
 -0.00569632    0   0   0   0   0    0
  0.013242      0   0   0   0   0    0
  0             0   0   0   0   0    0
  0.00228742    0   0   0   0   0    0
  0.000535445   0   0   0   0   0    0
  0             0   0   0   0   0    0
 -0.0169872     0   0   0   0   0    0
